0.08
0.025
0.043
0.045
0.07
0.099
0.135
0.226
0.297
0.446
0.576
0.767
1.033
1.303
1.644
2.215
3.262
3.372
3.258
2.502
2.835
3.341
3.895
4.523
5.24
5.987
6.832
7.711
8.801
9.856
10.979
12.274
13.854
15.337
16.906
18.806
21.974
22.608
25.186
26.883
29.506
32.649
34.808
37.405
40.738
43.962
47.384
50.974
55.447
59.215
62.933
67.338
72.433
77.059
82.005
87.05
93.313
98.744
104.399
110.212
117.65
125.052
131.701
138.491
146.934
155.896
164.124
174.54
188.049
197.215
206.222
215.406
222.327
232.357
242.927
253.814
270.179
282.567
295.414
307.424
321.26
332.737
347.14
361.15
378.413
393.018
412.993
426.572
445.79
463.174
480.83
498.39
520.334
539.209
563.294
586.166
603.361
624.49
646.177
670.546
700.201
723.867
753.092
775.141
800.235
830.327
857.242
886.512
932.112
960.76
988.712
1018.13
1047.83
1073.66
1110.35
1141.15
1208.1
1236.47
1275.81
1318.15
1335.06
1378.74
1411.14
1454.1
1527.83
1574.31
1628.16
1667.22
1687.39
1723.51
1776.11
1826.52
1909.38
1961.19
1998.3
2063.24
2083.48
2146.93
2202.14
2253.99
2345.14
2430.1
2470.92
2533.98
2568.47
2612.26
2710.32
2803.26
2905.85
2986.85
