0
1
3
6
10
15
21
28
36
45
55
65
85
115
155
205
265
335
415
505
605
705
815
935
1065
1205
1355
1515
1685
1865
2055
2245
2445
2655
2875
3105
3345
3595
3855
4125
4405
4685
4975
5275
5585
5905
6235
6575
6925
7285
7655
8025
8405
8795
9195
9605
10025
10455
10895
11345
11805
12265
12735
13215
13705
14205
14715
15235
15765
16305
16855
17405
17965
18535
19115
19705
20305
20915
21535
22165
22805
23445
24095
24755
25425
26105
26795
27495
28205
28925
29655
30385
31125
31875
32635
33405
34185
34975
35775
36585
37405
38225
39055
39895
40745
41605
42475
43355
44245
45145
46055
46965
47885
48815
49755
50705
51665
52635
53615
54605
55605
56605
57615
58635
59665
60705
61755
62815
63885
64965
66055
67145
68245
69355
70475
71605
72745
73895
75055
76225
77405
78585
79775
80975
82185
83405
84635
85875
87125
88385
