0
1
0.5
0.2
0.0714286
0.0238095
0.00757576
0.002331
0.000699301
0.000205677
5.9538e-05
1.70111e-05
9.61543e-06
4.0388e-06
1.49602e-06
5.15944e-07
1.69792e-07
5.40358e-08
1.67659e-08
5.09903e-09
1.52576e-09
4.09468e-10
1.09542e-10
2.92205e-11
7.77398e-12
2.06319e-12
5.46331e-13
1.44366e-13
3.80742e-14
1.00233e-14
2.63426e-15
6.91223e-16
1.81107e-16
4.73854e-17
1.23818e-17
3.23138e-18
8.42329e-19
2.19328e-19
5.70496e-20
1.48244e-20
3.8485e-21
9.98192e-22
2.58681e-22
6.6982e-23
1.73306e-23
4.48068e-24
1.15761e-24
2.98873e-25
7.71125e-26
1.98833e-26
5.12378e-27
1.31959e-27
3.39662e-28
8.73817e-29
2.24682e-29
5.77431e-30
1.48328e-30
3.8084e-31
9.77391e-32
2.5073e-32
6.42926e-33
1.64793e-33
4.22229e-34
1.08141e-34
2.7687e-35
7.08604e-36
1.81293e-36
4.63675e-37
1.18551e-37
3.0301e-38
7.74241e-39
1.97772e-39
5.05043e-40
1.28934e-40
3.29071e-41
8.3964e-42
2.14183e-42
5.46216e-43
1.39264e-43
3.54981e-44
9.04631e-45
2.30482e-45
5.87092e-46
1.49513e-46
3.80681e-47
9.69061e-48
2.46634e-48
6.2758e-49
1.59661e-49
4.06114e-50
1.0328e-50
2.62606e-51
6.676e-52
1.69688e-52
4.31235e-53
1.09573e-53
2.7837e-54
7.07084e-55
1.79578e-55
4.56001e-56
1.15775e-56
2.939e-57
7.4597e-58
1.89314e-58
4.80376e-59
1.21877e-59
3.09175e-60
7.84205e-61
1.98884e-61
5.04328e-62
1.27871e-62
3.24176e-63
8.21742e-64
2.08276e-64
5.27829e-65
1.33751e-65
3.38885e-66
8.58541e-67
2.17481e-67
5.50854e-68
1.3951e-68
3.5329e-69
8.94565e-70
2.2649e-70
5.73383e-71
1.45144e-71
3.67376e-72
9.29784e-73
2.35296e-73
5.95397e-74
1.50647e-74
3.81133e-75
9.64173e-76
2.43891e-76
6.16881e-77
1.56017e-77
3.94553e-78
9.97709e-79
2.52272e-79
6.37823e-80
1.61249e-80
4.07627e-81
1.03037e-81
2.60433e-82
6.58211e-83
1.66342e-83
4.20349e-84
1.06215e-84
2.68371e-85
6.78036e-86
