0
1
2
5
14
42
132
429
1430
4862
16796
58785
207999
742795
2673760
9690969
35337321
129543843
477158000
1765043115
6554105415
24421914855
91289026931
342225162126
1286341683924
4846861938006
18303921153521
69268371485362
262644901975126
997673689567038
3796135550747100
14467105121902389
55216101978307711
211035403330678387
807634825403744254
3094657438662228397
11871847441623846985
45593712254861003123
175286068758728144987
674562889323327683910
2598415581675403628468
10018114423517537899562
38657705405036148038531
149293756899536733076250
577014412003918162124501
2231804376715220395964275
8638453967862354273103740
33459020928329184002784942
129680724725297006689308782
502934076166933625391652882
1951682894220734144482167408
7578090250322626310214465648
29441027656016159799582198111
114440494560757699128681340377
445073208642587310206307577950
1731809066337969425160214133289
6741828376147981981792429197686
26257731594993913694800044350006
102313189014517273800785404083806
398836016403538871053941124778118
1555389646403824715113429123107960
6068204142729735859898994685660704
23683814575258960706398012301904152
92471568941111193583824280673600661
361180894791260511594463604702000187
1411225395525736762354257862486118499
5515925470860004720782775565941441014
21566830235874774135109681039788019867
84352100430020704841058380258224745120
330022117475683543885532398542318452448
1291587526086933784525051895171723454429
5056319860617387820571374968326807333595
19800289751020774520195971231678318888206
77558859590847447996763875901999495545036
303886102923588255294528723940861950649215
1190985970609690538963801182177224487230060
4668913009322626251411420684693291070492035
18307764514923184724500578031063724864531265
71806280660242796095820791445535199355993381
281704907723505862983905331442306257617001294
1105423387635253976800477193281553661898312154
4338729993140782155349450914316040905630447990
17033108600253468808955680072500696102872720092
66883684048226514295468860923327649359348311868
262687365300194856044339102702479439777675308799
1031926429316024600686512715071429249881311023881
4054588097542906970404021691737744194319617309621
15934233431627095075755636968270159472306503336625
62632548050033722387910954010250604698139849076165
246236009768717706667218951638184843587281534060713
968241738704059351671169914217261107116422329987220
3807983145816915909900878488747999615719569378392847
14979023625005710021839593885758472890060593469877396
58931515360404084036274059905742531607180424526041292
231891976773743576496006289856227461401030701164593790
912633266037108553628380902907014833104378000448266846
3592343198866918117282272157605841104836273709565636250
14142586442220148576143696264972076494901498985476915650
55686246374623310390767293311617813628342883083366227340
219297538824033121665932429155490276106401808624714227306
863743816211850676603216114538279087548132282555072792810
3402516457327656409465644320766671805595500301702668105110
13405356091077567984663810030384445290245098443562367543245
52822395869028855401012827389969635066156567225413849444890
208170063941355875292178585783247943501852204010909554347550
820498415858481849489669228632870188168215229144797520333400
3234412405901065372842060101864721651315681878341388420347020
12751760080104253944599472375725060130006705342046211243039005
50280653023556332546011614289097352900363900369255294056097720
198283555682639108683058662058970188307831207130818415263962492
782035560887751921167095342036272851431435496479074886249313781
3084745574830629718621967109109470634731537688729294933474240176
12169263579868533380910317832860425462895540020459946363644338702
48013175021202540347569419390358966859775554281939969020598050510
189455334869012727283396811338783203558609308949870978173320182342
747657449508797770349174137500313588137805432638016368401431084392
2950849457602721927521566142765153349218871810916823491383522518222
11647673223267795998517020842776585845109341254935843268053333398514
45980980759338478026436600778366443305874769580861292166890109496010
181536276971617157652002466752441879004405158286990178272172967524410
716793392446181201891821848164714951803046384076463725305821746407360
2830539296782154552077500634951055044082751654368825391463523599756424
11178622257681433521413585184763593247205164899355698512902797149890457
44152018012554763206949998249865257067784613794431750211185950372252670
174403551992829330122538384121290350725269214574489429398904499159844554
688972528183107271115271145475324443660773293154741825977426127083735776
2722009490412809613815645861931729853008310453657618025822372820255114976
10755184586752394704855155975456489374343334010217386785299826330293323677
42499710731450855593709252739920614095621716528976841640925986390574272275
167955153997813618546856453080678328224430847799011165858159194628355018019
663803212805237805832806192529327570264084934037429880368889158236131012422
2623755905970879170726656845683637394984657228667240281606781788559355696807
10371581811786008338286054609943035801632243471590762653386204958293415292694
41001853774665902429037520188196831093626674572051304059501721196384916537090
162105729312334997035630272085240287301914777768049656319556240414741756066502
640957266705981417047653712460549020578581311191662710382968185549214737090671
2534516367958629931856682067040575320480890300716240420474048389164580242076210
10022958311282879425343758410016817647912987287492459662848683969532678545482134
39639762490173575187808719291925045928492367646995818863494076418784154207773190
156783359781933874974527187927298162696492111251088574530528972229195878702191589
620157802194596775965019767358087610563341018534792959011661502576834140893852585
2453224578210395685396141258863653231288985654602753081305530112754887864971702457
9705206733343729624976482694938244829947540465861546938229783515323463323482913384
38397611584294396601492073051065518453821617754084159986109600333525674362619525059
151927057086583486818988767363788041029798660589082678437848222001455923958218562756
601169723381292332116130963794357422741968360772054311043404677040486245233275409504
2378974083590139990702941614132512417771537149866664519572597339412749082297077572494
9414831281483228329081820454413204545017033580413413201963113495540688971316766377944
37261916212705324441017105364877481055482984547295261520741931519909358944363578147647
147484792485216408318993997688880919558164612209568456141189208295065530354652436531689
