1 0.061
2 0.015
3 0.04
4 0.028
5 0.038
6 0.039
7 0.061
8 0.089
9 0.14
10 0.191
11 0.267
12 0.38
13 0.491
14 0.625
15 0.798
16 1.025
17 1.276
18 1.573
19 1.608
20 1.355
21 1.505
22 1.747
23 2.052
24 2.375
25 2.818
26 3.251
27 3.746
28 4.257
29 4.903
30 5.527
31 6.27
32 7.025
33 7.989
34 8.871
35 9.781
36 10.856
37 12.14
38 13.334
39 14.449
40 15.837
41 17.643
42 19.21
43 20.933
44 22.523
45 25.018
46 27.143
47 29.186
48 31.312
49 34.094
50 36.564
51 39.125
52 41.594
53 44.698
54 47.234
55 50.718
56 53.423
57 57.744
58 61.423
59 64.628
60 68.899
61 73.43
62 78.214
63 82.315
64 86.974
65 91.895
66 96.72
67 101.548
68 106.952
69 113.155
70 118.042
71 123.385
72 130.295
73 137.63
74 143.302
75 149.392
76 157.052
77 165.713
78 172.813
79 180.339
80 189.069
81 199.031
82 206.887
83 214.648
84 223.833
85 237.433
86 245.187
87 256.145
88 263.742
89 278.277
90 288.25
91 298.785
92 309.084
93 324.99
94 336.727
95 348.433
96 359.353
97 377.994
98 388.661
99 401.801
100 415.507
101 435.249
102 450.049
103 463.914
104 477.954
105 499.779
106 514.79
107 530.844
108 545.09
109 569.065
110 587.026
111 605.844
112 621.987
113 650.787
114 668.575
115 687.456
116 706.32
117 735.743
118 756.375
119 775.976
120 797.58
121 828.175
122 850.975
123 872.073
124 895.727
125 928.105
126 953.283
127 979.713
128 999.425
129 1039.31
130 1065.9
131 1091.34
132 1115.41
133 1158.96
134 1187.71
135 1217.7
136 1242.75
137 1287.31
138 1319.43
139 1347.73
140 1383.8
141 1432.65
142 1457.67
143 1492.9
144 1537.04
145 1616.98
146 1641.06
147 1677.03
148 1713.98
149 1771.54
150 1813.49
