0
1
0.5
0.2
0.0714286
0.0238095
0.00757576
0.002331
0.000699301
0.000205677
5.9538e-05
1.70109e-05
4.80741e-06
1.34608e-06
3.7391e-07
1.03148e-07
2.82824e-08
1.54268e-08
6.2809e-09
2.26339e-09
7.61718e-10
2.45236e-10
7.65176e-11
2.33197e-11
6.97732e-12
2.05681e-12
5.98897e-13
1.72582e-13
4.92905e-14
1.3969e-14
3.93198e-15
1.03134e-15
2.70115e-16
7.0646e-17
1.84524e-17
4.81371e-18
1.25428e-18
3.2646e-19
8.48802e-20
2.2047e-20
5.72109e-21
1.48326e-21
3.84221e-22
9.94462e-23
2.57191e-23
6.64656e-24
1.71644e-24
4.42955e-25
1.14237e-25
2.94428e-26
7.58383e-27
1.95229e-27
5.02294e-28
1.29163e-28
3.31964e-29
8.5276e-30
2.18954e-30
5.61924e-31
1.44147e-31
3.69613e-32
9.47337e-33
2.42709e-33
6.21579e-34
1.59126e-34
4.07217e-35
1.04173e-35
2.664e-36
6.81031e-37
1.74043e-37
4.44641e-38
1.13561e-38
2.89946e-39
7.40082e-40
1.88851e-40
4.81768e-41
1.22869e-41
3.13278e-42
7.98562e-43
2.03507e-43
5.18496e-44
1.32072e-44
3.36335e-45
8.56325e-46
2.17977e-46
5.54738e-47
1.41148e-47
3.59066e-48
9.13243e-49
2.32228e-49
5.90417e-50
1.5008e-50
3.81424e-51
9.69206e-52
2.46234e-52
6.25469e-53
1.58851e-53
4.03372e-54
1.02412e-54
2.59972e-55
6.59836e-56
1.67448e-56
4.24874e-57
1.0779e-57
2.73422e-58
6.9347e-59
1.75859e-59
4.45903e-60
1.13048e-60
2.86566e-61
7.2633e-62
1.84073e-62
4.66435e-63
1.18179e-63
2.99391e-64
7.5838e-65
1.92081e-65
4.86447e-66
1.23179e-66
3.11884e-67
7.8959e-68
1.99878e-68
5.05923e-69
1.28044e-69
3.24034e-70
8.19937e-71
2.07457e-71
5.24848e-72
1.3277e-72
3.35834e-73
8.49399e-74
2.14812e-74
5.43212e-75
1.37354e-75
3.47277e-76
8.7796e-77
2.21941e-77
5.61003e-78
1.41794e-78
3.58357e-79
9.05609e-80
2.2884e-80
5.78216e-81
1.46089e-81
3.69071e-82
9.32336e-83
2.35507e-83
5.94846e-84
1.50236e-84
3.79416e-85
9.58134e-86
