0
1
3
6
10
15
21
28
36
45
55
66
78
91
105
120
135
165
210
270
345
435
540
660
795
945
1110
1290
1485
1695
1920
2145
2385
2640
2910
3195
3495
3810
4140
4485
4845
5220
5610
6015
6435
6870
7305
7755
8220
8700
9195
9705
10230
10770
11325
11895
12480
13080
13695
14325
14970
15615
16275
16950
17640
18345
19065
19800
20550
21315
22095
22890
23700
24525
25365
26220
27075
27945
28830
29730
30645
31575
32520
33480
34455
35445
36450
37470
38505
39555
40620
41685
42765
43860
44970
46095
47235
48390
49560
50745
51945
53160
54390
55635
56895
58170
59445
60735
62040
63360
64695
66045
67410
68790
70185
71595
73020
74460
75915
77385
78870
80355
81855
83370
84900
86445
88005
89580
91170
92775
94395
96030
97680
99345
101025
102720
104415
106125
107850
109590
111345
113115
114900
116700
118515
120345
122190
124050
125925
127815
