1 0.067
2 0.018
3 0.035
4 0.028
5 0.038
6 0.04
7 0.062
8 0.09
9 0.139
10 0.215
11 0.3
12 0.438
13 0.666
14 0.922
15 1.207
16 1.553
17 1.868
18 2.308
19 1.341
20 1.268
21 1.503
22 1.876
23 3.624
24 4.942
25 5.537
26 4.46
27 3.795
28 4.367
29 5.106
30 5.837
31 6.592
32 7.469
33 8.488
34 9.516
35 10.567
36 11.736
37 13.148
38 14.39
39 15.731
40 17.307
41 19.568
42 21.329
43 23.181
44 25.183
45 28.072
46 30.306
47 32.668
48 35.252
49 38.476
50 41.28
51 44.188
52 47.499
53 51.015
54 54.791
55 58.337
56 62.046
57 66.438
58 70.731
59 75.139
60 79.84
61 85.776
62 90.525
63 95.626
64 101.569
65 108.705
66 115.328
67 121.264
68 126.775
69 134.068
70 140.707
71 148.811
72 154.085
73 164.861
74 173.288
75 180.909
76 189.152
77 201.433
78 209.727
79 217.883
80 229.762
81 257.923
82 266.542
83 270.881
84 275.967
85 294.007
86 301.777
87 323.701
88 327.557
89 348.3
90 356.707
91 371.689
92 386.312
93 405.836
94 421.567
95 431.87
96 445.019
97 466.973
98 483.818
99 500.585
100 516.046
101 544.127
102 561.948
103 580.38
104 599.298
105 633.956
106 644.755
107 663.407
108 686.446
109 718.077
110 740.488
111 763.267
112 782.814
113 815.023
114 839.189
115 868.093
116 889.952
117 929.931
118 971.937
119 987.899
120 1015.88
121 1058.82
122 1075.08
123 1089.68
124 1124.69
125 1171.66
126 1188.93
127 1241.34
128 1277.13
129 1299.91
130 1330.64
131 1366.38
132 1413.13
133 1472.94
134 1522.98
135 1546.34
136 1587.46
137 1637.44
138 1683.04
139 1750.79
140 1759.44
141 1808.18
142 1838.2
143 1885.97
144 1930.01
145 1999.64
146 2039.25
147 2092.04
148 2126.49
149 2207.56
150 2272.59
