0
1
3
6
10
15
21
28
36
45
55
66
78
91
105
120
136
153
171
190
210
230
270
330
410
510
630
770
930
1110
1310
1530
1770
2030
2310
2610
2930
3270
3630
4010
4410
4810
5230
5670
6130
6610
7110
7630
8170
8730
9310
9910
10530
11170
11830
12510
13210
13930
14670
15430
16210
16990
17790
18610
19450
20310
21190
22090
23010
23950
24910
25890
26890
27910
28950
30010
31090
32190
33310
34450
35610
36770
37950
39150
40370
41610
42870
44150
45450
46770
48110
49470
50850
52250
53670
55110
56570
58050
59550
61070
62610
64150
65710
67290
68890
70510
72150
73810
75490
77190
78910
80650
82410
84190
85990
87810
89650
91510
93390
95290
97210
99130
101070
103030
105010
107010
109030
111070
113130
115210
117310
119430
121570
123730
125910
128110
130330
132570
134830
137110
139410
141710
144030
146370
148730
151110
153510
155930
158370
160830
