0
1
0.5
0.2
0.0714286
0.0238095
0.00757576
0.002331
0.000699301
0.000205677
5.9538e-05
1.70109e-05
4.80741e-06
1.34608e-06
3.7391e-07
1.03148e-07
2.82824e-08
7.71338e-09
2.09363e-09
5.65847e-10
1.52343e-10
4.08726e-11
2.18621e-11
8.74484e-12
3.10101e-12
1.02839e-12
3.26667e-13
1.00671e-13
3.0332e-14
8.97987e-15
2.62124e-15
7.56293e-16
2.16084e-16
6.12237e-17
1.72214e-17
4.81342e-18
1.33782e-18
3.69961e-19
1.01848e-19
2.79237e-20
7.6274e-21
1.97747e-21
5.12237e-22
1.32579e-22
3.42877e-23
8.86087e-24
2.28825e-24
5.90515e-25
1.52291e-25
3.92502e-26
1.01099e-26
2.60255e-27
6.69588e-28
1.7218e-28
4.42518e-29
1.13674e-29
2.91867e-30
7.49039e-31
1.92145e-31
4.92679e-32
1.26275e-32
3.23514e-33
8.28513e-34
2.12099e-34
5.42774e-35
1.38849e-35
3.55072e-36
9.07704e-37
2.31969e-37
5.92621e-38
1.51353e-38
3.86433e-39
9.86351e-40
2.5169e-40
6.42065e-41
1.63748e-41
4.17504e-42
1.06423e-42
2.71206e-43
6.90971e-44
1.76002e-44
4.48204e-45
1.14113e-45
2.90471e-46
7.39222e-47
1.88086e-47
4.78465e-48
1.2169e-48
3.09442e-49
7.86716e-50
1.99975e-50
5.08225e-51
1.29139e-51
3.28083e-52
8.33367e-53
2.11649e-53
5.37433e-54
1.36447e-54
3.46365e-55
8.791e-56
2.23088e-56
5.66045e-57
1.43603e-57
3.6426e-58
9.23849e-59
2.34278e-59
5.94021e-60
1.50597e-60
3.81746e-61
9.6756e-62
2.45204e-62
6.2133e-63
1.57422e-63
3.98803e-64
1.01019e-64
2.55855e-65
6.47944e-66
1.64072e-66
4.15416e-67
1.05169e-67
2.66222e-68
6.7384e-69
1.7054e-69
4.3157e-70
1.09203e-70
2.76297e-71
6.98999e-72
1.76822e-72
4.47256e-73
1.13119e-73
2.86074e-74
7.23405e-75
1.82914e-75
4.62463e-76
1.16915e-76
2.95547e-77
7.47046e-78
1.88814e-78
4.77185e-79
1.20588e-79
3.04712e-80
7.69914e-81
1.94519e-81
4.91417e-82
1.24138e-82
3.13568e-83
7.92001e-84
2.00028e-84
5.05155e-85
1.27564e-85
