0
1
3
6
10
15
21
28
36
45
55
66
78
91
105
120
136
153
171
190
210
231
253
276
300
325
350
400
475
575
700
850
1025
1225
1450
1700
1975
2275
2600
2950
3325
3725
4150
4600
5075
5575
6100
6650
7225
7825
8450
9075
9725
10400
11100
11825
12575
13350
14150
14975
15825
16700
17600
18525
19475
20450
21450
22475
23525
24600
25700
26825
27975
29150
30350
31575
32800
34050
35325
36625
37950
39300
40675
42075
43500
44950
46425
47925
49450
51000
52575
54175
55800
57450
59125
60825
62550
64300
66075
67875
69700
71525
73375
75250
77150
79075
81025
83000
85000
87025
89075
91150
93250
95375
97525
99700
101900
104125
106375
108650
110950
113275
115625
118000
120400
122825
125250
127700
130175
132675
135200
137750
140325
142925
145550
148200
150875
153575
156300
159050
161825
164625
167450
170300
173175
176075
179000
181950
184925
187925
