0.07
0.025
0.039
0.045
0.069
0.09
0.135
0.199
0.293
0.445
0.576
0.755
0.996
1.305
1.662
2.071
2.899
3.422
3.707
2.516
3.044
3.637
4.45
5.105
5.949
6.876
7.975
9.184
10.649
12.026
13.796
15.275
17.347
19.454
21.732
24.096
26.936
29.764
32.934
36.263
39.999
43.593
47.578
51.757
56.78
61.567
66.583
72.079
78.997
84.629
90.985
97.585
105.483
113.542
120.77
129.231
138.612
147.49
156.814
166.544
178.77
189.048
200.132
211.803
226.204
238.901
252.389
266.14
282.177
297.237
312.363
328.344
348.041
364.799
383.034
401.954
425.469
444.54
464.087
484.726
509.745
532.524
555.751
579.777
619.077
639.582
669.277
693.259
722.169
756.541
780.415
811.044
855.826
894.366
922.404
958.559
990.349
1029.74
1071.31
1101.83
1161.97
1213.93
1260.8
1313.32
1337.47
1376.82
1421.92
1473.32
1582.23
1628.82
1681.66
1750.46
1768.24
1799.28
1870.03
1930.73
2071.11
2136.58
2183.1
2293.83
2254.94
2319.13
2378.48
2434.59
2599.05
2644.44
2708.9
2796.03
2841.8
2919.53
2980.82
3085.28
3248.1
3345.23
3439.93
3524.07
3522.8
3599.42
3707.88
3792.35
4002.75
4144.3
4189.34
4294.39
4331.08
4447.58
4537.17
4647.95
4873.35
4995.31
