0
1
0.5
0.2
0.0714286
0.0238095
0.00757576
0.002331
0.000699301
0.000205677
5.9538e-05
1.70109e-05
4.80741e-06
1.34608e-06
3.7391e-07
1.03148e-07
2.82824e-08
7.71338e-09
2.09363e-09
5.65847e-10
1.52343e-10
4.08726e-11
1.0931e-11
2.91495e-12
7.75251e-13
2.05679e-13
5.44444e-14
2.87631e-14
1.13745e-14
3.99105e-15
1.31062e-15
4.12523e-16
1.26049e-16
3.76761e-17
1.10709e-17
3.20895e-18
9.19748e-19
2.61149e-19
7.35569e-20
2.05754e-20
5.72055e-21
1.58198e-21
4.35401e-22
1.19321e-22
3.25733e-23
8.86086e-24
2.40266e-24
6.49566e-25
1.75134e-25
4.71002e-26
1.26374e-26
3.25318e-27
8.36984e-28
2.15224e-28
5.53147e-29
1.42093e-29
3.64833e-30
9.36296e-31
2.4018e-31
6.15847e-32
1.57843e-32
4.04392e-33
1.03564e-33
2.65123e-34
6.78464e-35
1.73561e-35
4.43838e-36
1.13462e-36
2.8996e-37
7.40773e-38
1.8919e-38
4.83039e-39
1.23293e-39
3.1461e-40
8.02576e-41
2.04684e-41
5.21876e-42
1.33027e-42
3.39005e-43
8.63707e-44
2.20001e-44
5.60251e-45
1.4264e-45
3.63085e-46
9.24018e-47
2.35105e-47
5.98075e-48
1.52111e-48
3.86798e-49
9.83384e-50
2.49966e-50
6.35274e-51
1.61422e-51
4.10099e-52
1.0417e-52
2.64558e-53
6.71783e-54
1.70556e-54
4.3295e-55
1.09886e-55
2.78856e-56
7.07545e-57
1.795e-57
4.55318e-58
1.15479e-58
2.92842e-59
7.42514e-60
1.88243e-60
4.77174e-61
1.20943e-61
3.06499e-62
7.76649e-63
1.96774e-63
4.98495e-64
1.26271e-64
3.19812e-65
8.09914e-66
2.05086e-66
5.19259e-67
1.31458e-67
3.3277e-68
8.42282e-69
2.1317e-69
5.39451e-70
1.36501e-70
3.45363e-71
8.73728e-72
2.21022e-72
5.59056e-73
1.41395e-73
3.57583e-74
9.04233e-75
2.28637e-75
5.78063e-76
1.4614e-76
3.69423e-77
9.33782e-78
2.36011e-78
5.96464e-79
1.50731e-79
3.80879e-80
9.62364e-81
2.43141e-81
6.14252e-82
1.55168e-82
3.91947e-83
9.8997e-84
2.50027e-84
6.31423e-85
1.5945e-85
