0
1
2
4
9
21
51
127
323
835
2188
5798
15511
41835
113634
310572
853467
2356779
6536382
18199284
50852019
142547559
400763223
1129760415
3192727797
9043402501
25669818476
73007772802
208023278209
593742784829
1697385471211
4859761676391
13933569346707
40002464776083
114988706524270
330931069469828
953467954114363
2750016719520991
7939655757745265
22944749046030949
66368199913921497
192137918101841817
556704809728838604
1614282136160911722
4684478925507420069
13603677110519480289
39532221379621112004
114956499435014161638
334496473194459009429
973899740488107474693
2837208756709314025578
8270140811590103129028
24119587499879368045581
70380687801729972163737
205473381836953330090977
600161698382141668958313
1753816895177229449263803
5127391665653918424581931
14996791899280244858336604
43881711243248048262611670
128453535912993825479057919
376166554620363320971336899
1101997131244113831001323618
3229547920421385142120565580
9468017265749942384739441267
27766917351255946264000229811
81459755507915876737297376646
239056762740830735069669439852
701774105036927170410592656651
2060763101398061220299787957807
6053261625552368838017538638577
17785981695172350686294020499397
52274487460035748810950928411209
153681622703766437645990598724233
451929928113276686826984901736388
1329334277731700374912787442584082
3911184337415864255099077969308357
11510402374965653734436362305721089
33882709435158403490429948661355518
99762777233730236158474945885114348
293804991106867190838370294149325217
865461205861621792586606565768282577
2549948950073051466077548390833960154
7514646250637159480132421134685515996
22150145406114764734833589779994282345
65303054248346999524711654923215773701
192564948449128362785882746541078077821
567944426681696509718034692302003744197
1675395722976475387857861526496400455935
4943221572052274428484817274841589781103
14587540897567180436019575590444202957764
43055804394719442101962182766220627765254
127103430617648266466982424978107271745123
375281510930976756310181851730346874521559
1108229819877900763405338193186744667723583
3273209089476438052473101825635320104642103
9669131152389329200998265687814683780583133
28567321136213468215221364999058944720713501
84414794291793480358891042199686850901302514
249478578991224378680142561460010030467811580
737415571391164350797051905752637361193303669
2179989657182268706949944711706683431675573969
6445526902441229646310051859066530999375612263
19060008608601035820122512539133495685366451171
56369902000490155161466142878589232802345778151
166736186990532204812594206164411016589993382759
493253027399423689823559267775695878392662135604
1459371636273993893967616514973002909449910595158
4318344244242469812948502806410363711951592224347
12779763960737611807939007796892996356569096666335
37825235742770534271327510185799474362588759112692
111967696262665849903769091543433376818806152053282
331478378609143895971053565694243287254152991197499
981449894682881651766048471053798615807057357319435
2906234450266204129212174643462658253439431024500886
8606803606778108365401717262737377633765146862076508
25491831573907963336583054018749373611049855273869763
75510488025438261304679120183518573236529303339176631
223696821203921358836246695367291099954466200770942903
662762421725143382344788171386348329048337151787800671
1963815645947208854505196881559285819544210551279398181
5819525803140027392592573852991803679728817387028471541
17247168558452770365891669854750102048613779757551589252
51119976623096674448512995874546202822306806110141305034
151532376009683684148363191660038033005499043269537471329
449222501434823367055795240724415226254160564831704494301
1331858858333138229849628068560869645463787219753888975051
3949070654397778925261595026952331124940608019718030910727
11710379870808883456653370892680311031011070706105889565779
34728484868917923073081492759953402358847792308802666162259
103000390612050119846963061710720593823186046635306629775046
305512870901106552768820055686476263875553152372320928076076
906269136562156220773088044844995547011445535121944413744427
2688570046955065969206424074262654900346481527533320340651023
7976667118523625572095516219630936701843899260442051417052585
23667751445225102552254506374989570190795491048526939496080013
70230770489482038793218581951613637871985132295122357292290873
208416578951506492873776608904240971601730012438544169566767161
618544564576745831928921127489913959279036448705514455836614660
1835875157466920391190868869901005367957215562683658293468490034
5449394385047236914359114525390680488840392762143010623581084597
16176546693038283993453107245062830999187843972123136291819669617
48023678002714528839639173674188643621861261600288800950995865454
142579341227678474194396320902682115345711749044188565056903397532
423339640260024739139628371555493557867734086988317745954947316209
1257048372285879591439531066344267341284748944902652545424979161569
3732891328330226228496763135577770463979025464164833887161628222234
11085839791400214754745367329223029411788809059033475245696786565948
32924663292263290326176310930460243399440176801530892614734824373945
97791968157406749394924901075381707518323470767341721197980700152917
