0
1
3
6
10
15
21
28
36
45
55
66
78
91
105
120
136
153
171
190
210
231
253
276
300
325
351
378
406
435
465
495
555
645
765
915
1095
1305
1545
1815
2115
2445
2805
3195
3615
4065
4545
5055
5595
6165
6765
7395
8055
8745
9465
10215
10995
11805
12645
13515
14415
15315
16245
17205
18195
19215
20265
21345
22455
23595
24765
25965
27195
28455
29745
31065
32415
33795
35205
36645
38115
39615
41145
42705
44295
45915
47565
49245
50955
52695
54465
56235
58035
59865
61725
63615
65535
67485
69465
71475
73515
75585
77685
79815
81975
84165
86385
88635
90915
93225
95565
97935
100335
102765
105225
107715
110235
112785
115365
117975
120615
123255
125925
128625
131355
134115
136905
139725
142575
145455
148365
151305
154275
157275
160305
163365
166455
169575
172725
175905
179115
182355
185625
188925
192255
195615
199005
202425
205875
209355
