0
1
0.5
0.2
0.0714286
0.0238095
0.00757576
0.002331
0.000699301
0.000205677
5.9538e-05
1.70109e-05
4.80741e-06
1.34608e-06
3.7391e-07
1.03148e-07
2.82824e-08
7.71338e-09
2.09363e-09
5.65847e-10
1.52343e-10
4.08726e-11
1.0931e-11
2.91495e-12
7.75251e-13
2.05679e-13
5.44444e-14
1.43815e-14
3.7915e-15
9.97763e-16
2.62124e-16
6.87539e-17
3.60139e-17
1.41285e-17
4.92039e-18
1.60447e-18
5.01681e-19
1.52337e-19
4.52658e-20
1.3227e-20
3.8137e-21
1.08761e-21
3.07342e-22
8.61763e-23
2.40014e-23
6.64564e-24
1.83059e-24
5.01937e-25
1.37062e-25
3.72876e-26
1.01099e-26
2.73267e-27
7.36545e-28
1.98006e-28
5.31021e-29
1.42093e-29
3.79426e-30
1.0112e-30
2.69002e-31
7.14382e-32
1.89412e-32
4.8527e-33
1.24276e-33
3.18148e-34
8.14157e-35
2.08273e-35
5.32606e-36
1.36155e-36
3.47951e-37
8.88927e-38
2.27028e-38
5.79646e-39
1.47952e-39
3.77532e-40
9.63092e-41
2.45621e-41
6.26251e-42
1.59633e-42
4.06806e-43
1.03645e-43
2.64001e-44
6.72301e-45
1.71169e-45
4.35702e-46
1.10882e-46
2.82126e-47
7.1769e-48
1.82534e-48
4.64157e-49
1.18006e-49
2.9996e-50
7.62328e-51
1.93706e-51
4.92119e-52
1.25003e-52
3.17469e-53
8.06139e-54
2.04667e-54
5.1954e-55
1.31863e-55
3.34627e-56
8.49054e-57
2.154e-57
5.46382e-58
1.38575e-58
3.5141e-59
8.91017e-60
2.25892e-60
5.72609e-61
1.45131e-61
3.67799e-62
9.31978e-63
2.36129e-63
5.98193e-64
1.51525e-64
3.83775e-65
9.71897e-66
2.46103e-66
6.23111e-67
1.5775e-67
3.99324e-68
1.01074e-68
2.55804e-69
6.47341e-70
1.63801e-70
4.14436e-71
1.04847e-71
2.65226e-72
6.70867e-73
1.69674e-73
4.29099e-74
1.08508e-74
2.74364e-75
6.93675e-76
1.75367e-76
4.43308e-77
1.12054e-77
2.83213e-78
7.15756e-79
1.80877e-79
4.57055e-80
1.15484e-80
2.9177e-81
7.37102e-82
1.86202e-82
4.70337e-83
1.18796e-83
3.00032e-84
7.57707e-85
1.9134e-85
