1 0.072
2 0.015
3 0.028
4 0.028
5 0.038
6 0.04
7 0.062
8 0.089
9 0.15
10 0.225
11 0.273
12 0.377
13 0.487
14 0.616
15 0.79
16 1.004
17 1.281
18 1.557
19 1.938
20 1.478
21 1.473
22 1.768
23 2.218
24 2.672
25 2.94
26 3.409
27 3.944
28 4.542
29 5.301
30 6.12
31 6.914
32 7.722
33 8.862
34 9.991
35 11.148
36 12.467
37 13.997
38 15.5
39 17.095
40 18.832
41 21.212
42 23.146
43 25.134
44 27.373
45 30.902
46 33.567
47 36.468
48 39.526
49 43.387
50 46.809
51 50.339
52 54.142
53 59.052
54 63.17
55 67.611
56 72.103
57 77.831
58 83.003
59 88.126
60 93.96
61 101.513
62 107.713
63 114.063
64 120.835
65 128.824
66 136.849
67 143.261
68 152.608
69 162.748
70 170.859
71 179.958
72 188.937
73 201.225
74 210.742
75 221.36
76 232.526
77 247.168
78 258.781
79 269.971
80 281.323
81 299.061
82 312.309
83 325.469
84 339.472
85 359.172
86 375.174
87 389.826
88 404.794
89 427.751
90 444.621
91 461.421
92 479.477
93 505.105
94 523.968
95 543.181
96 562.975
97 591.115
98 611.939
99 635.071
100 656.208
101 689.381
102 713.01
103 737.594
104 761.717
105 797.439
106 824.385
107 851.75
108 877.81
109 917.551
110 947.351
111 976.318
112 1008.59
113 1054.24
114 1082.82
115 1117.28
116 1149.08
117 1201.74
118 1233.55
119 1267.02
120 1303.22
121 1358.93
122 1398.12
123 1437.82
124 1478.41
125 1533.2
126 1581.16
127 1617.79
128 1660.57
129 1727.31
130 1769.49
131 1818.62
132 1864.63
133 1940.51
134 1985.35
135 2034.01
136 2085.82
137 2172.18
138 2219.36
139 2278.07
140 2332.03
141 2433.99
142 2479.8
143 2535.28
144 2586.59
145 2679.95
146 2745.78
147 2804.4
148 2868.77
149 2962.37
150 3028.82
