1 0.059
2 0.018
3 0.027
4 0.028
5 0.038
6 0.04
7 0.063
8 0.09
9 0.156
10 0.222
11 0.285
12 0.365
13 0.502
14 0.623
15 0.85
16 1.218
17 1.531
18 1.888
19 2.461
20 2.849
21 3.309
22 1.903
23 2.081
24 2.539
25 3.186
26 3.436
27 4.024
28 4.572
29 5.452
30 6.112
31 6.959
32 7.806
33 8.889
34 10.352
35 11.559
36 12.74
37 14.113
38 15.73
39 17.187
40 18.86
41 21.287
42 23.36
43 25.548
44 27.852
45 31.18
46 34.121
47 36.902
48 41.255
49 44.023
50 47.437
51 51.176
52 55.052
53 60.005
54 64.439
55 69.171
56 73.835
57 80.024
58 85.326
59 91.116
60 97.409
61 105.202
62 111.233
63 118.281
64 125.627
65 134.871
66 142.373
67 150.849
68 158.999
69 170.047
70 179.159
71 189.084
72 198.823
73 212.262
74 223.131
75 234.046
76 246.341
77 261.034
78 273.331
79 284.444
80 298.795
81 316.94
82 332.758
83 347.928
84 362.886
85 385.269
86 400.545
87 417.569
88 436.119
89 458.648
90 477.344
91 495.198
92 514.159
93 539.749
94 559.38
95 583.28
96 604.407
97 633.988
98 656.838
99 680.507
100 704.341
101 741.696
102 770.402
103 792.393
104 821.32
105 859.817
106 888.486
107 918.348
108 947.867
109 995.433
110 1030.27
111 1063.75
112 1098.36
113 1145.03
114 1181.16
115 1217.51
116 1254.7
117 1309.16
118 1343.13
119 1388.33
120 1427.31
121 1487.57
122 1532.89
123 1577.1
124 1622.29
125 1683.63
126 1730.88
127 1777.24
128 1822.26
129 1894.96
130 1945.64
131 1998.62
132 2048.4
133 2128.86
134 2190.45
135 2256.82
136 2302.93
137 2398.72
138 2451.95
139 2523.71
140 2584.76
141 2674.79
142 2735
143 2798.32
144 2887.4
145 3056.51
146 3054.55
147 3113.35
148 3166.81
149 3295.13
150 3379.73
