0
1
0.5
0.2
0.0714286
0.0238095
0.00757576
0.002331
0.000699301
0.000205677
5.9538e-05
1.70109e-05
4.80741e-06
1.34608e-06
3.7391e-07
1.03148e-07
2.82824e-08
7.71338e-09
2.09363e-09
5.65847e-10
1.52343e-10
4.08726e-11
1.0931e-11
2.91495e-12
7.75251e-13
2.05679e-13
5.44444e-14
1.43815e-14
3.7915e-15
9.97763e-16
2.62124e-16
6.87539e-17
1.8007e-17
4.70951e-18
1.2301e-18
3.20895e-19
8.36134e-20
4.35248e-20
1.69747e-20
5.87868e-21
1.90685e-21
5.93242e-22
1.79283e-22
5.30316e-23
1.54294e-23
4.43043e-24
1.25853e-24
3.54309e-25
9.89889e-26
2.74751e-26
7.58241e-27
2.08204e-27
5.69149e-28
1.54962e-28
4.20391e-29
1.13674e-29
3.06459e-30
8.23941e-31
2.20966e-31
5.91213e-32
1.57843e-32
4.20567e-33
1.11849e-33
2.96938e-34
7.87019e-35
2.08273e-35
5.5036e-36
1.45232e-36
3.82747e-37
1.00745e-37
2.64866e-38
6.76254e-39
1.7261e-39
4.40454e-40
1.12361e-40
2.86557e-41
7.30627e-42
1.86238e-42
4.74607e-43
1.20919e-43
3.08001e-44
7.84351e-45
1.99697e-45
5.08319e-46
1.29363e-46
3.29147e-47
8.37305e-48
2.12956e-48
5.41517e-49
1.37674e-49
3.49953e-50
8.89383e-51
2.25991e-51
5.74139e-52
1.45837e-52
3.70381e-53
9.40495e-54
2.38779e-54
6.0613e-55
1.5384e-55
3.90398e-56
9.90563e-57
2.51301e-57
6.37445e-58
1.61671e-58
4.09979e-59
1.03952e-59
2.6354e-60
6.68044e-61
1.6932e-61
4.29098e-62
1.08731e-62
2.75484e-63
6.97892e-64
1.76779e-64
4.47737e-65
1.13388e-65
2.8712e-66
7.26963e-67
1.84041e-67
4.65878e-68
1.17919e-68
2.98438e-69
7.55231e-70
1.91101e-70
4.83508e-71
1.22322e-71
3.09431e-72
7.82678e-73
1.97953e-73
5.00616e-74
1.26593e-74
3.20091e-75
8.09288e-76
2.04595e-76
5.17192e-77
1.30729e-77
3.30415e-78
8.35049e-79
2.11023e-79
5.33231e-80
1.34731e-80
3.40398e-81
8.59952e-82
2.17235e-82
5.48726e-83
1.38596e-83
3.50037e-84
8.83992e-85
2.2323e-85
