0
1
3
6
10
15
21
28
36
45
55
66
78
91
105
120
136
153
171
190
210
231
253
276
300
325
351
378
406
435
465
496
528
561
595
630
665
735
840
980
1155
1365
1610
1890
2205
2555
2940
3360
3815
4305
4830
5390
5985
6615
7280
7980
8715
9485
10290
11130
12005
12915
13860
14840
15855
16905
17990
19110
20265
21455
22680
23905
25165
26460
27790
29155
30555
31990
33460
34965
36505
38080
39690
41335
43015
44730
46480
48265
50085
51940
53830
55755
57715
59710
61740
63805
65905
68040
70210
72415
74655
76930
79240
81585
83965
86380
88795
91245
93730
96250
98805
101395
104020
106680
109375
112105
114870
117670
120505
123375
126280
129220
132195
135205
138250
141330
144445
147595
150780
154000
157255
160545
163870
167230
170625
174055
177520
181020
184555
188125
191730
195335
198975
202650
206360
210105
213885
217700
221550
225435
