0
1
2
5
13
36
104
309
939
2905
9118
28964
92940
300808
980864
3219205
10626023
35252867
117485454
393133485
1320357501
4449298136
15038769672
50973266380
173214422068
589998043276
2014026871496
6889055189032
23608722350440
81049178840528
278700885572096
959835173086309
3310416757032159
11432971961630999
39535937094067710
136883216842976943
474465914711874487
1646380234881262372
5718752217030650552
19883643328529880013
69197975679197263363
241031745639457967929
840273329685948718350
2931673947241147625608
10236321359743370095136
35767677070491749898656
125066933201642573915264
437609180061455927744044
1532182548688278855041124
5367888576523903394511380
18817189685182373426621128
66001580256641811595420028
231628921644551647359330556
813319571290541676713418240
2857269732606382755797115744
10042801630734337232467858248
35315439977545511682606177912
124243394901787382519248022472
437294659453763847748981357872
1539787452066576966020554717200
5424091409643814200838410291984
19114679649447398185620349772448
67386873318956430623722463729664
237654786135224610628314797699877
838447288039106501122769941844175
2959089476994891590841808281408831
10446936965400892801709685751598366
36894702048359142875086189720765107
130340385637063491885089036351824075
460606372120512531192108674166911212
1628219618856550506342349081580617048
5757374004508255119117099831701564319
20363892114223305428610898571037799585
72047452637617934055441873516080986363
254973308001677159620491719556610891034
902580464190032824288022869282860897860
3195871150724847715516750596550071597340
11318837621251182609620276681508533921640
40097828938715410513335052746158622746240
142083510221956300013912488902328321006365
503579121243900217716520543591447833140175
1785214865926404191694783396658121449422715
6330086252914983650635565094744780429138910
22450334334620365350461231551449561426615245
79639372649503867006233098200741165461631805
282567713238969571714901086185968977037902120
1002778155433588631117401489038102741392404488
3559367377703023042612404221703378366087665552
12636431862545244173057624914987400793263041104
44870192393526910558787907361191216110440972464
159357103416988584841731608141561825289533797408
566060957037209902245335968335323113169330226976
2011090274389686280206947135788945406369500601888
7146195385250021764023389722081536192363438195264
25397535718611094193567282259082245386204781377536
90277622587904591779496502813677879253819871453100
320951198861106168227093715701360010611088890906308
1141213250970546689543318971259682184898762369302052
4058468018178676824710597407374680995856014449100424
14435226902500543320960445108655220043682188575839460
51351123807469954260389256025959647719598872859788356
182700554703638747900220217371410351880130779378993456
650117890326677831521459885020693825966959901964884512
2313691786186472802063809809300810922216456999702061180
8235289307592931772541480311632972785545097138837887428
29316427796136667345802102571168037314350923437754746316
104376077464706219799199786158964155688163387186044442344
371661480475012140787025665083605885082939952405151624384
1323578642479900216610074831840978786520452837519685333344
4714184248191350188470529407074551885440967607865092259520
16792562422316153073769237005770455206885341877238830867968
59824633646114232931705023451157786232585034947459726931784
213154667693510790712637145799434624101915228541335866871320
759557157308072222666330840313248625513388345870974446979768
2706923617582384902547936986922983391579359768201930112756784
9648073580351533885963800174823864549207379886367823716216680
34391683604274891059527813889309065768151869125865777231577448
122606549799929382820791484616251918386431395353214778119192192
437139964161341345716473489860923579131344573783781101007114304
1558738207989827958465859401031518953526144172970423367998263760
5558670333682030067869892762666121564737522101359416127702547376
19824990299221035463109047289728319232373519447418873269341289936
70712900966429908988545437627094060931549323593436218170322850272
252247706363271805608721838149635508066605854968825682217288238880
899907788222389606930289790925625626686447812702334688918391431968
3210778425916158480051801583380306613801068590132038719186649030976
11456805695267869563251548793864675188190977531692243512870219800576
40884341249172978703554782048627757207880424553723248866166337421477
145911687996282437817790448549394760229183222833508595220907587195055
520789438378596775863118958916748588836223666681798173252083391269263
1858971224047070069091873228634863986433411353716249853474548077806686
6636223368245081544274895033362816402469886362642981700455983826798779
23692265080740920526500382320186516343668601380421629268399057618201459
84591918127641065729283997270944666622169631215082302536076888946536764
302055897499615280238507802335851818668074966423820298087111909970742680
1078652093583320877455893988040229790133366946030797800558325235366159043
3852215418883258598727243705182292842269897344316690924507580472351070109
13758602803562622781279819468497938289288124195399935436490224174033548895
49144191653308314182112721179861684158116884388654886238555070003030199218
175551144636528124830537790391788646647697791611018257375960401076796353324
627145433275493371086593240280208535831297752096575474773912148620265452100
2240606154120108377910760803459812776477554775948139532196664178170221584088
8005620312845183547388771212057810121202030282209109813744038600170156995712
28605939037443189269426757240732646247645363225546014645111962639014598580239
102223029065296251415869625589804564331277243424111277651719328798150596628725
365318924129839523617286957636035174870016077987163269805459804178361972580201
1305647857116346893314773995893292096078851887132835462696748203429069912126506
4666701302849264677505907486873034041270051781701792319888935079862504419823927
16681058208094915939344706953334919560427289057893228872248363889131332135783015
59630224556409508883772831113818162276562343760748791766648227110928525906380008
