1 0
2 1
3 5
4 11
5 28
6 64
7 116
8 195
9 309
10 467
11 679
12 956
13 1310
14 1754
15 2302
16 2969
17 3771
18 4725
19 5849
20 7162
21 8684
22 10436
23 12440
24 14719
25 17297
26 20199
27 23451
28 27080
29 31114
30 35582
31 40514
32 45941
33 51895
34 58409
35 65517
36 73254
37 81656
38 90760
39 100604
40 111227
41 122669
42 134971
43 148133
44 162235
45 177318
46 193423
47 210591
48 228863
49 248280
50 268883
51 290713
52 313811
53 338218
54 363975
55 391123
56 419703
57 449756
58 481323
59 514445
60 549163
61 585518
62 623551
63 663303
64 704815
65 748128
66 793283
67 840321
68 889283
69 940210
70 993143
71 1048123
72 1105191
73 1164388
74 1225755
75 1289333
76 1355163
77 1423286
78 1493743
79 1566575
80 1641823
81 1719528
82 1799731
83 1882393
84 1967633
85 2055492
86 2146011
87 2239231
88 2335193
89 2433938
90 2535507
91 2639941
92 2747281
93 2857568
94 2970843
95 3087147
96 3206521
97 3329006
98 3454643
99 3583473
100 3715537
101 3850876
102 3989531
103 4131543
104 4276953
105 4425802
106 4578131
107 4733981
108 4893393
109 5056408
110 5223067
111 5393411
112 5567481
113 5745318
114 5926963
115 6112457
116 6301841
117 6495156
118 6692443
119 6893743
120 7099097
121 7308546
122 7522131
123 7739774
124 7961633
125 8187749
126 8418163
127 8652916
128 8892049
129 9135603
130 9383619
131 9636138
132 9893201
133 10154849
134 10421123
135 10692064
136 10967713
137 11248111
138 11533299
139 11823318
140 12118209
141 12418013
142 12722771
143 13032524
144 13347313
145 13667179
146 13992163
147 14322306
148 14657649
149 14998233
150 15344099
