0
1
0.5
0.2
0.0714286
0.0238095
0.00757576
0.002331
0.000699301
0.000205677
5.9538e-05
1.70109e-05
4.80741e-06
1.34608e-06
3.7391e-07
1.03148e-07
2.82824e-08
7.71338e-09
2.09363e-09
5.65847e-10
1.52343e-10
4.08726e-11
1.0931e-11
2.91495e-12
7.75251e-13
2.05679e-13
5.44444e-14
1.43815e-14
3.7915e-15
9.97763e-16
2.62124e-16
6.87539e-17
1.8007e-17
4.70951e-18
1.2301e-18
3.20895e-19
8.36134e-20
2.17624e-20
5.65823e-21
1.46967e-21
3.8137e-22
9.88736e-23
5.12237e-23
1.98868e-23
6.85753e-24
2.21521e-24
6.86473e-25
2.0668e-25
6.09162e-26
1.76626e-26
5.05494e-27
1.4314e-27
4.01752e-28
1.11917e-28
3.09762e-29
8.52556e-30
2.33493e-30
6.36681e-31
1.7293e-31
4.68044e-32
1.26275e-32
3.39689e-33
9.1136e-34
2.43913e-34
6.51326e-35
1.73561e-35
4.61592e-36
1.22539e-36
3.24755e-37
8.59296e-38
2.27028e-38
5.98968e-39
1.57815e-39
4.15285e-40
1.0915e-40
2.86557e-41
7.51502e-42
1.9688e-42
5.15287e-43
1.34738e-43
3.52001e-44
8.96401e-45
2.28225e-45
5.80936e-46
1.47843e-46
3.76168e-47
9.56919e-48
2.43378e-48
6.18876e-49
1.57341e-49
3.99946e-50
1.01644e-50
2.58275e-51
6.56159e-52
1.66671e-52
4.23292e-53
1.07485e-53
2.7289e-54
6.9272e-55
1.75817e-55
4.4617e-56
1.13207e-56
2.87201e-57
7.28509e-58
1.84767e-58
4.68547e-59
1.18802e-59
3.01189e-60
7.63479e-61
1.93508e-61
4.90398e-62
1.24264e-62
3.14839e-63
7.97591e-64
2.02033e-64
5.11699e-65
1.29586e-65
3.28137e-66
8.30814e-67
2.10333e-67
5.32432e-68
1.34765e-68
3.41072e-69
8.63121e-70
2.18401e-70
5.52581e-71
1.39796e-71
3.53635e-72
8.94489e-73
2.26233e-73
5.72132e-74
1.44677e-74
3.65819e-75
9.249e-76
2.33823e-76
5.91077e-77
1.49405e-77
3.77617e-78
9.54342e-79
2.41169e-79
6.09406e-80
1.53978e-80
3.89026e-81
9.82803e-82
2.48269e-82
6.27115e-83
1.58395e-83
4.00042e-84
1.01028e-84
2.5512e-85
