0.069
0.029
0.053
0.06
0.096
0.131
0.195
0.292
0.428
0.605
0.807
1.106
1.476
1.828
1.236
1.123
1.395
1.719
2.084
2.645
3.091
3.706
4.368
5.109
6.021
6.982
8.099
9.237
10.692
12.165
13.734
15.517
17.591
19.723
22.028
24.533
27.492
30.419
33.658
36.951
41.095
45.019
49.39
53.813
59.518
64.64
70.387
76.254
83.427
90.216
97.563
105.316
114.317
123.053
132.173
141.916
152.779
163.184
174.526
186.526
198.743
211.062
224.626
238.574
259.378
270.534
287.221
303.645
323.111
340.934
360.034
379.153
402.513
423.789
445.896
468.358
496.809
522.569
549.342
577.636
617.694
637.091
663.948
690.193
727.752
758.614
793.175
827.571
872.706
914.218
943.341
979.848
1035.25
1077.68
1109.93
1218.71
1206.96
1244.4
1290.3
1342.07
1402.15
1456.72
1505.9
1560.9
1620.5
1674.51
1753.5
1809.55
1894.63
1954.11
2020.97
2088.32
2166
2233.72
2309.52
2380.43
2476.32
2553.89
2635.01
2714.33
2807.62
2892.58
2977.96
3067.66
3183.4
3328.28
3417.62
3488.79
3632.59
3719.07
3792.95
3890.96
3992.48
4159.97
4303.51
4358.51
4467.9
4563.3
4682.83
4805.14
4981.16
5115.09
5250.07
5368.88
5517.1
5665.4
5780.65
5923.57
6150.79
6268.91
