0
1
0.5
0.2
0.0714286
0.0238095
0.00757576
0.002331
0.000699301
0.000205677
5.9538e-05
1.70109e-05
4.80741e-06
1.34608e-06
3.7391e-07
1.03148e-07
2.82824e-08
7.71338e-09
2.09363e-09
5.65847e-10
1.52343e-10
4.08726e-11
1.0931e-11
2.91495e-12
7.75251e-13
2.05679e-13
5.44444e-14
1.43815e-14
3.7915e-15
9.97763e-16
2.62124e-16
6.87539e-17
1.8007e-17
4.70951e-18
1.2301e-18
3.20895e-19
8.36134e-20
2.17624e-20
5.65823e-21
1.46967e-21
3.8137e-22
9.88736e-23
2.56118e-23
6.62895e-24
1.71438e-24
4.43043e-25
1.14412e-25
5.90514e-26
2.28436e-26
7.85003e-27
2.52747e-27
7.80763e-28
2.34355e-28
6.88718e-29
1.99133e-29
5.68371e-30
1.60526e-30
4.49422e-31
1.24894e-31
3.44874e-32
9.47059e-33
2.58811e-33
7.04233e-34
1.90889e-34
5.15633e-35
1.38849e-35
3.72824e-36
9.98469e-37
2.66763e-37
7.11142e-38
1.8919e-38
5.0236e-39
1.33157e-39
3.52363e-40
9.30988e-41
2.45621e-41
6.47126e-42
1.70275e-42
4.47486e-43
1.17464e-43
3.08001e-44
8.06761e-45
2.11108e-45
5.51889e-46
1.44147e-46
3.76168e-47
9.80842e-48
2.55547e-48
6.65292e-49
1.73076e-49
4.49939e-50
1.14349e-50
2.9056e-51
7.38178e-52
1.87505e-52
4.76204e-53
1.20921e-53
3.07001e-54
7.7931e-55
1.97795e-55
5.01941e-56
1.27358e-56
3.23101e-57
8.19572e-58
2.07863e-58
5.27116e-59
1.33653e-59
3.38837e-60
8.58913e-61
2.17697e-61
5.51698e-62
1.39797e-62
3.54193e-63
8.9729e-64
2.27287e-64
5.75662e-65
1.45784e-65
3.69154e-66
9.34666e-67
2.36624e-67
5.98986e-68
1.51611e-68
3.83706e-69
9.71011e-70
2.45701e-70
6.21653e-71
1.57271e-71
3.97839e-72
1.0063e-72
2.54512e-73
6.43649e-74
1.62762e-74
4.11546e-75
1.04051e-75
2.63051e-76
6.64962e-77
1.68081e-77
4.24819e-78
1.07363e-78
2.71316e-79
6.85582e-80
1.73225e-80
4.37654e-81
1.10565e-81
2.79303e-82
7.05505e-83
1.78195e-83
4.50048e-84
1.13656e-84
2.8701e-85
