0.068
0.023
0.038
0.045
0.071
0.092
0.136
0.2
0.294
0.418
0.566
0.765
0.997
1.297
1.658
2.096
2.827
3.465
3.591
2.848
3.049
3.641
4.333
5.048
5.94
6.882
7.936
9.131
10.632
12.038
13.604
15.313
17.399
19.52
21.746
24.27
27.229
30.172
33.427
36.734
40.619
44.608
48.891
53.434
58.836
63.84
69.342
75.189
82.376
89.061
96.291
103.604
112.514
124.064
129.861
139.562
150.543
161.06
171.984
183.66
197.373
210.004
223.527
237.501
254.786
270.28
286.333
303.064
322.941
341.679
360.268
380.003
405.185
425.124
447.684
471.096
503.004
525.174
552.635
578.05
608.864
637.684
668.232
698.321
746.818
777.283
814.32
853.532
884.752
926.01
964.885
1006.02
1076.19
1121.83
1160.89
1220.13
1241.02
1287.35
1332.94
1388.6
1494.16
1534.15
1594.52
1659.96
1697.13
1753.81
1822.64
1885.28
2029.07
2099.73
2188.05
2213.41
2260.04
2349.09
2411.76
2453.88
2607.82
2710.68
2843.85
2851.82
2898.71
3000.25
3085.55
3155.48
3345.81
3461.29
3553.24
3661.96
3706.26
3807.6
3915.66
4040.17
4271.87
4401.27
4506.47
4615.02
4638.94
4770.35
4884.8
5033.47
5316.27
5470.54
5571.44
5744.76
5777.41
5940.61
6069.73
6258.6
6496.35
6674.39
