1 0
2 1
3 5
4 11
5 28
6 64
7 116
8 195
9 309
10 467
11 679
12 956
13 1310
14 1754
15 2302
16 2969
17 3771
18 4725
19 5849
20 7162
21 8684
22 10436
23 12440
24 14719
25 17297
26 20199
27 23451
28 27080
29 31114
30 35582
31 40514
32 45941
33 51895
34 58409
35 65517
36 73254
37 81656
38 90760
39 100604
40 111227
41 122669
42 134971
43 148175
44 162324
45 177462
46 193634
47 210886
48 229218
49 248720
50 269438
51 291418
52 314706
53 339348
54 365390
55 392878
56 421858
57 452376
58 484478
59 518210
60 553618
61 590748
62 629646
63 670358
64 712930
65 757408
66 803838
67 852266
68 902738
69 955300
70 1009998
71 1066878
72 1125986
73 1187368
74 1251070
75 1317138
76 1385618
77 1456556
78 1529998
79 1605990
80 1684578
81 1765808
82 1849726
83 1936378
84 2025810
85 2118068
86 2213198
87 2311246
88 2412258
89 2516280
90 2623358
91 2733538
92 2846866
93 2963298
94 3082968
95 3205922
96 3332206
97 3461866
98 3594948
99 3731498
100 3871562
101 4015186
102 4162416
103 4313298
104 4467878
105 4626202
106 4788316
107 4954266
108 5124098
109 5297858
110 5475592
111 5657346
112 5843166
113 6033098
114 6227188
115 6425482
116 6628026
117 6834866
118 7046048
119 7261618
120 7481622
121 7706106
122 7935116
123 8168698
124 8406898
125 8649762
126 8897336
127 9149666
128 9406798
129 9668778
130 9935652
131 10207466
132 10484266
133 10766098
134 11053008
135 11345042
136 11642246
137 11944666
138 12252214
139 12565068
140 12883274
141 13206878
142 13535926
143 13870464
144 14210538
145 14556194
146 14907478
147 15264436
148 15627114
149 15995558
150 16369814
