0
1
2
5
14
41
125
393
1265
4147
13798
46476
158170
543050
1878670
6542330
22915999
80682987
285378270
1013564805
3613262795
12924536005
46373266470
166856922125
601928551824
2176616383346
7888184659826
28645799759632
104224861693855
379885129946864
1386926469714491
5071414788349655
18571114244497835
68099230660004675
250038808009880790
919183172864105235
3382962549917829020
12464250091478255375
45971046526098151125
169718503374474353075
627161711811600906925
2319615019556879886771
8586579305371740998968
31810864461058036329755
117941329960815699487855
437599807142798238315445
1624781667539123635536130
6036800021222582304675570
22444005134056335810609250
83495746630113742968019082
310805056448280456620524128
1157607834377631522019112708
4313948943935199792916286746
16084950973052288036716111140
60004967818678811859458334162
223959445273279101536013752328
836293419781494969139680762180
3124265279439131016434024311488
11676971648578683045558472385190
43661551830460514284863601938657
163323457982476046388775753851813
611184823976871887241242350190001
2288050332945050608501754998510130
8568844974467748312525414998794625
32102409314376809115173465748733475
120311394992077336757881691564926275
451050397382681852450363218894830230
1691562837030514113510675914423003815
6345878276937440989106018812374367150
23813971894321866005370206788845535075
89393216750398866272173888962052214675
335665122210582701391660821731812903075
1260762378659162794615476417142436345175
4736769238854089890654401629303407558125
17801225731292226244876309402317316061070
66916487909022251598458145916480482292530
251610583634389315843817486311718918199480
946311906601497307872063654798645042779660
3559971710307490737090108632852604654667650
13395623944560834302396462448334990652081970
50417455093166254498935359945723411594007055
189800772595195576876473106816829899495846075
714680141645106596813321967872233502480460742
2691657661676025898916466027310706887706794985
10139582428439824224186216645937033616643366548
38204128918497803579980056426419351154285700757
143975448522849745666001240769300506630964990779
542690822761491922518657471635132600926181150015
2045975714651940528785979621801199917925670799525
7714904537651017450947445591544160311339029404035
29096510750708605194876038377889664742727478922840
109756382974838799035577464424890077865882175813919
414090707644780278653670146505171622874343434123187
1562558785884593438085717051936284115447692031118345
5897267631505098215293039063094519888083113902595050
22260625432624437195196769541102755099309666889352975
84041626094797305645081825904028145003836651646567650
317336951718383379361089541409154285399303579862731850
1198435199807187181992119231039924032610726537558917500
4526628142758050474216390307731641444808339497654113330
17100157663914864432580193572777233132815233951951698570
64608426230138140159715718066709401540526092900352021970
244141000221325644423873240962404369538314474979212429840
922685252179248989334134781903884178204065611267804285350
3487599195441798621560885655669517892172794267801703027080
13184344720923436082066073430747804775347169398331133274020
49848077646135821311199902668100887709457879705391614374400
188492939812250716180934690171183649602032935913850212952490
712848964217800602528847654883617580683129374130716761584700
2696216126643151577544396656293898345845684807598664842176010
10199188890431881568718983763916643078595245272740877234607590
38585964345953004282924109660550020307177354318964075102185530
145997337246478533351133220192044011939291446385042584099774200
552473499581343565735696545344607860526148494999729358448581000
2090874749085737227953412769826907525315948400333290544500671400
7913958509044145437845491906954016706227374433337001112659216100
29957658176923002346521898214820735366500739730343075694135194715
113414732212438945079621287911738329698301911314648757933240129120
429415582024803522085605980320787235415943004928749924335549750575
1626043138128354017129436496408058371228390486396563331932144922650
6157883957320703746796898031493431377973221896705070852012894547975
23322514348028800006443184484469030422606650002818685318385662450275
88341128595972040226108328981739707715776410905208209802053691380350
334652070425797225665275299785042558759726665902444180548435053084375
1267845687082906465409033071171947688071652371922071955079150788605874
4803755708713306469483382475251613213024093003518865262338400712975621
18202724931574614326599162049727838527042229938032726264763214770114021
68981436419109530056939510392195348527743412182565212870610137910840817
261437431334098423036759534399440169528468286381150035588615236055284355
990928675972141416262112672545171147973574406435892904941434177012632419
3756258918335931073870875472435312483427472025445596975576626743439456486
14239887391665033937023110750487018440208227749274891500340164846016729775
53987712680392719920372825196595404636269099633227114611941671621419172818
204701054752580765446224740737922576030117822992413347531495988343499639515
776213989939257376521420008741085694694344013856944250515209522961579110047
2943598343402245722096650391578265479953320040654323452920369446082531764523
11163768178249174478465507641204910754180180226556361556445922890484313301851
42342620651369172423873879454060003941834578374670104990761670564977826238945
160612307641535280270034290732067071564060172800460961324066068871310661431050
609275317896919772172345492896137891330523067222524511227476020722707801937120
2311434246333526540199341977696355924367384327221472518055035359381776512360130
8769649352054746123788157531444905622816743826477206563098641815741864884048634
33274779148886171666160658928258240682649306661251065783887924531817119289219642
126264118976314806401472189754578480115912163406242892941582122469120055147029070
479155085486204052283033943888441283290075255202703392731991767348230386374216705
1818457678308023007368765840542715742832216808228080559744396596112846255318186645
6901775347038266737249100291857809244587127549548531211965001798530818488206052530
26196818482471762862728410783759733197861097073231946315999123049525184422330802195
99441115783720754992997222641245976558114098690704877911816197239501255203709418375
377496331141143315714152169096720201640825880060557994858670652507147723706373957099
