0
1
0.5
0.2
0.0714286
0.0238095
0.00757576
0.002331
0.000699301
0.000205677
5.9538e-05
1.70109e-05
4.80741e-06
1.34608e-06
3.7391e-07
1.03148e-07
2.82824e-08
7.71338e-09
2.09363e-09
5.65847e-10
1.52343e-10
4.08726e-11
1.0931e-11
2.91495e-12
7.75251e-13
2.05679e-13
5.44444e-14
1.43815e-14
3.7915e-15
9.97763e-16
2.62124e-16
6.87539e-17
1.8007e-17
4.70951e-18
1.2301e-18
3.20895e-19
8.36134e-20
2.17624e-20
5.65823e-21
1.46967e-21
3.8137e-22
9.88736e-23
2.56118e-23
6.62895e-24
1.71438e-24
4.43043e-25
1.14412e-25
2.95257e-26
7.61453e-27
1.96251e-27
5.05494e-28
1.30127e-28
6.69587e-29
2.58269e-29
8.85035e-30
2.84185e-30
8.75598e-31
2.62163e-31
7.68577e-32
2.21705e-32
6.31373e-33
1.77932e-33
4.97106e-34
1.37864e-34
3.7994e-35
1.04136e-35
2.84057e-36
7.71545e-37
2.08771e-37
5.62987e-38
1.51352e-38
4.05752e-39
1.08498e-39
2.89441e-40
7.70473e-41
2.04684e-41
5.42751e-42
1.43669e-42
3.79686e-43
1.0019e-43
2.64001e-44
6.94711e-45
1.8258e-45
4.79272e-46
1.25666e-46
3.29147e-47
8.61228e-48
2.25125e-48
5.87933e-49
1.53408e-49
3.99946e-50
1.04185e-50
2.71189e-51
7.0537e-52
1.83338e-52
4.76204e-53
1.23608e-53
3.20646e-54
8.31264e-55
2.15376e-55
5.57712e-56
1.41509e-56
3.59001e-57
9.10636e-58
2.30958e-58
5.85684e-59
1.48503e-59
3.76486e-60
9.54348e-61
2.41886e-61
6.12998e-62
1.5533e-62
3.93548e-63
9.96989e-64
2.52541e-64
6.39624e-65
1.61983e-65
4.10171e-66
1.03852e-66
2.62916e-67
6.6554e-68
1.68456e-68
4.2634e-69
1.0789e-69
2.73001e-70
6.90726e-71
1.74745e-71
4.42044e-72
1.11811e-72
2.82791e-73
7.15166e-74
1.80846e-74
4.57273e-75
1.15613e-75
2.92279e-76
7.38846e-77
1.86756e-77
4.72021e-78
1.19293e-78
3.01462e-79
7.61758e-80
1.92473e-80
4.86283e-81
1.2285e-81
3.10336e-82
7.83894e-83
1.97994e-83
5.00053e-84
1.26285e-84
3.189e-85
