0.084
0.026
0.024
0.056
0.057
0.085
0.119
0.162
0.239
0.371
0.506
0.686
0.945
1.16
1.391
1.593
1.222
1.128
1.08
1.238
1.438
1.696
1.942
2.247
2.639
2.968
3.334
3.77
4.232
4.79
6.153
6.103
8.511
7.835
8.206
9.636
10.998
11.204
12.012
13.516
15.77
15.672
17.249
18.947
19.861
21.947
23.382
26.175
27.384
29.535
31.888
33.858
35.902
39.309
41.713
44.386
47.498
49.84
54.832
57.078
60.269
63.741
67.524
71.731
76.639
80.723
88.684
89.555
95.173
99.378
104.49
111.847
116.64
123.768
127.566
137.35
141.672
147.968
155.772
165.783
170.625
179.652
187.631
192.563
201.9
211.378
220.68
229.089
245.695
249.427
267.307
275.43
290.766
292.096
302.451
315.474
326.442
340.884
353.649
363.477
378.991
390.936
405.025
418.793
438.054
455.462
465.922
481.981
497.687
516.24
533.835
548.202
566.801
586.724
604.181
624.66
652.859
671.118
688.811
711.124
732.281
753.163
782.272
810.171
831.596
847.161
881.502
898.392
918.261
957.139
979.045
1009.78
1027.21
1062.24
1080.95
1115.7
1148.2
1167.67
1205.57
1241.21
1284.07
1312.88
1362.3
1377.31
1411.11
1453.48
1483.46
1531.99
1569.42
1603.63
