0
1
3
6
10
15
21
28
36
45
55
66
78
91
105
120
136
153
171
190
210
231
253
276
300
325
351
378
406
435
465
496
528
561
595
630
666
703
741
780
820
861
903
946
990
1035
1081
1128
1176
1225
1275
1325
1425
1575
1775
2025
2325
2675
3075
3525
4025
4575
5175
5825
6525
7275
8075
8925
9825
10775
11775
12825
13925
15075
16275
17525
18825
20175
21575
23025
24525
26075
27675
29325
31025
32775
34575
36425
38325
40275
42275
44325
46425
48575
50775
53025
55325
57675
60075
62525
65025
67525
70075
72675
75325
78025
80775
83575
86425
89325
92275
95275
98325
101425
104575
107775
111025
114325
117675
121075
124525
128025
131575
135175
138825
142525
146275
150075
153925
157825
161775
165775
169825
173925
178075
182275
186525
190825
195175
199575
204025
208525
213075
217675
222325
227025
231775
236575
241425
246325
