1 0
2 1
3 5
4 11
5 28
6 64
7 116
8 188
9 290
10 428
11 608
12 836
13 1108
14 1438
15 1832
16 2296
17 2836
18 3444
19 4138
20 4924
21 5808
22 6796
23 7876
24 9070
25 10384
26 11824
27 13396
28 15084
29 16914
30 18892
31 21024
32 23316
33 25748
34 28350
35 31128
36 34088
37 37236
38 40548
39 44058
40 47772
41 51696
42 55836
43 60164
44 64718
45 69504
46 74528
47 79796
48 85276
49 91010
50 97004
51 103264
52 109796
53 116564
54 123614
55 130952
56 138584
57 146516
58 154708
59 163210
60 172028
61 181168
62 190636
63 200388
64 210478
65 220912
66 231696
67 242836
68 254284
69 266098
70 278284
71 290848
72 303796
73 317076
74 330750
75 344824
76 359304
77 374196
78 389444
79 405114
80 421212
81 437744
82 454716
83 472068
84 489870
85 508128
86 526848
87 546036
88 565628
89 585698
90 606252
91 627296
92 648836
93 670804
94 693278
95 716264
96 739768
97 763796
98 788276
99 813290
100 838844
101 864944
102 891596
103 918724
104 946414
105 974672
106 1003504
107 1032916
108 1062828
109 1093330
110 1124428
111 1156128
112 1188436
113 1221268
114 1254718
115 1288792
116 1323496
117 1358836
118 1394724
119 1431258
120 1468444
121 1506288
122 1544796
123 1583876
124 1623630
125 1664064
126 1705184
127 1746996
128 1789404
129 1832514
130 1876332
131 1920864
132 1966116
133 2011988
134 2058590
135 2105928
136 2154008
137 2202836
138 2252308
139 2302538
140 2353532
141 2405296
142 2457836
143 2511044
144 2565038
145 2619824
146 2675408
147 2731796
148 2788876
149 2846770
150 2905484
