0
1
2
5
14
42
131
421
1385
4642
15795
54418
189454
665471
2355510
8393461
30084695
108394449
392356788
1426137550
5203211200
19048447855
69951072700
257609070810
951172531880
3520465229446
13058843476526
48540377627407
180772608766540
674429854975214
2520373045582043
9433454856660341
35360053279339515
132725156441456391
498835208412748074
1877122949009882749
7071816230875350542
26671352059652416452
100695531052751583767
380542895772957780782
1439475073125635992040
5449945592549917193952
20651397081068219121076
78317530198646875030343
297238438868382918721740
1128944556782869081502700
4290896859802976256648815
16319933909927094402120410
62111413875705697530453704
236535163699429550557064744
901323188327086689359722248
3436495601446873230612207478
13109674767555500016849632636
50037996856213483962933294150
191087059428450634091268274782
730092612590387924623133384463
2790823198876748557503548991033
10673016098438873309866128291576
40835287812939019004797992215697
156304393589626349269229081012430
598532413010123041980766881413618
2292868788839630122082971816824247
8786990765898367213502832608284678
33687225215795750686875966106854581
129196076366979982391631486720183891
495664217964267249623928241692469787
1902283913081207705603927224201723070
7303115940649916536447727622664250323
28046709259312177680436978343154532194
107743835964417748274862727096419593330
414033877310399383547052812852467307629
1591506904311433065683429106822040471965
6119371472287007569813594721830912450101
23535711433620261786789660912436344133618
90545482075464057680523586531036793759191
348435206990712708991786016558541667436860
1341189178927391283246182398974608478131710
5163782063384273492181487440588058101842595
19886246757320958828032525427197587878204800
76602352252662747010153601620472327445843550
295143455365875773501269069180287688884667676
1137426864565321228515406454916499704343577560
4384405073624730020352531167050607108648909644
16904113802195578521784929476668001040639873536
65187819209712740208299675682444368819395703672
251437845286192189571508897628733320249434310724
970024950816227366328365534726502806895240119544
3743011974359626966413244302880612103706036102743
14445867775868190672006562929966989825368097588209
55763276354206159054198551892753805928671872123928
215294701215149298235240692198460360697709841980217
831375177294382355097572322034297454212148239312380
3210980875648164493381013247009192566478094303178098
12403769631495841947750222866146223385475548336956635
47922931676318653989053390143023524141748409294958084
185184756305258349269996810161682938187764727879644026
715711120090441898317149744215641860662004215852362864
2766556348178966857667861010152092977470498044544822696
10695697082604278351795356565028419061414437281608471144
41356628341480073930478799863559680489996116676466896840
159936021738737531812118252109523284337087052527509900960
618601976843585875653786014783525490015095980792949102760
2392979193009877348509751670035970144899301104112585151720
9258229371712871319046355479090419466782169337542828810710
35824255185009129015090794065917581477232068968795502585970
138639020649552864567594616294727107597509583329532654335780
536601352338522245768911451499507886664876219290221485448030
2077183836029945258122390425771896569025644139824941007211110
8041812590221804901282008425169400012067978653720488113065540
31137789866816527668875036247375462514800015390074358692665910
120580047036505046782712510838578239699529790144451793488511470
466999030307715076247574699799887713720726823923909598710408335
1808874486556838117440629152366978691393356874938270832968495935
7007319141292381689320136380451328472078292870683203428617543745
27148477578467473034430739394674538751712387738430240365963913820
105193356885454845377635427762172971977457963967594874153919178900
407642591445049976133462431936300721935175422766592016722954819100
1579859168529573880081193338867178433328181582772166816689956613925
6123559959075251407328337211709073624183750716496596412639248540370
23737532376543210164661736804310004256039603341722182174049628578566
92026392558214061144860611967613827788562404393343950244532046489436
356807285725756439861487464505618474242963040913730680738321918117226
1383562527706852257229086916937064540463410716786509481996334017739102
5365459504553142546214577446545453521685397256242962050610145876087255
20809297210158607163192655403053251246895160019784532340465586783792644
80714133927593935751951576008398084729578646537999486420556110279600126
313099804473118455933896176249091707642439359112836334332291833276808251
1214664630290181390958314301919452151788716022938330514337600406186589877
4712699299293857791869528444433375474569810435674194282858962231875027555
18286147372387237442954154132517402612174523550139239778657919901632792339
70959940506215039871572972005649580062944500520233972992007489902975251862
275386232902127009267959594412355515533248417209061550445922641432946859431
1068829889533718707230234864718958211009745715923026915386571624548568106426
4148697576905188363420876619615615033469221428249172945787423786895275841430
16104648120193235918801416780947525103572290450935890921415495654037535580257
62521075766823775049286222792453935913137043988932375560275905317302045223475
242737491757402980062315279978523164118681290504328702929166518183409387845223
942501351522043235449701217861651185943438327671952418598809957990510769688014
3659833313016124778779011585046558977537577005657939999354516412786931684541501
14212626477638045739284725290455010580592067419071262940213323399496766783888170
55197652939931110041998462218796294572531587578862810785083801735945551791559426
214387590474426727452738291313389058479005213975484490294866332110088750192042545
832742975419759014918774602895126463589785555152492109072065384355384389470762534
3234850134775123703906528717715128806767150453983372527991842270838247939380560013
12566917519041864574394317917087521321309390092727144477638506148530937457911976035
48824110983666470537429576952258032941282996251036701927348926918378896134520589725
189701375926386849590462077165951063483945388103790022689367763187585156882174743340
737117565488861525705177830996427206282442416838276670092113933441993479515432818030
2864394144076688911952731195044904974834372876242203800466087308220323321551558541440
11131613864149697671504462873489186848505623361955045721054220396842062510350091928675
