0
1
0.5
0.2
0.0714286
0.0238095
0.00763359
0.00475059
0.00216606
0.000861698
0.000316556
9.18814e-05
2.63916e-05
7.51348e-06
2.12268e-06
5.95702e-07
1.66197e-07
4.61278e-08
1.27435e-08
3.50597e-09
9.60945e-10
2.62489e-10
7.14785e-11
1.94093e-11
5.25667e-12
1.42027e-12
3.82882e-13
1.03007e-13
2.76591e-14
7.41367e-15
1.98383e-15
5.30029e-16
1.41403e-16
3.76718e-17
1.00234e-17
2.66365e-18
7.07032e-19
1.87467e-19
4.96546e-20
1.31391e-20
3.47349e-21
9.1744e-22
2.42114e-22
6.38427e-23
1.68215e-23
4.42892e-24
1.16526e-24
3.06374e-25
8.05005e-26
2.11385e-26
5.5474e-27
1.45497e-27
3.81398e-28
9.99241e-29
2.61661e-29
6.84845e-30
1.79159e-30
4.68471e-31
1.22443e-31
3.19889e-32
8.35377e-33
2.18067e-33
5.69023e-34
1.48424e-34
3.87009e-35
1.00875e-35
2.62842e-36
6.84639e-37
1.78274e-37
4.64064e-38
1.20763e-38
3.14168e-39
8.17077e-40
2.12443e-40
5.52209e-41
1.43499e-41
3.72803e-42
9.68283e-43
2.5143e-43
6.52721e-44
1.69409e-44
4.39589e-45
1.14041e-45
2.95786e-46
7.67014e-47
1.98856e-47
5.15451e-48
1.33582e-48
3.4612e-49
8.96647e-50
2.3224e-50
6.01413e-51
1.55716e-51
4.03103e-52
1.04334e-52
2.70001e-53
6.98606e-54
1.8073e-54
4.67478e-55
1.209e-55
3.12625e-56
8.08274e-57
2.08945e-57
5.4006e-58
1.3957e-58
3.60649e-59
9.3179e-60
2.40711e-60
6.2175e-61
1.60577e-61
4.14662e-62
1.07067e-62
2.76415e-63
7.1354e-64
1.84172e-64
4.75315e-65
1.22656e-65
3.16484e-66
8.16519e-67
2.10637e-67
5.43322e-68
1.40132e-68
3.61386e-69
9.31887e-70
2.40277e-70
6.1947e-71
1.59693e-71
4.11636e-72
1.06096e-72
2.73431e-73
7.04623e-74
1.81563e-74
4.67801e-75
1.2052e-75
3.10469e-76
7.9973e-77
2.05984e-77
5.30503e-78
1.36618e-78
3.518e-79
9.05836e-80
2.33222e-80
6.00425e-81
1.54567e-81
3.9787e-82
1.02408e-82
2.63572e-83
6.78318e-84
1.74557e-84
4.49171e-85
