1 0.063
2 0.014
3 0.033
4 0.029
5 0.043
6 0.044
7 0.08
8 0.088
9 0.139
10 0.196
11 0.244
12 0.356
13 0.427
14 0.547
15 0.663
16 0.814
17 1.031
18 1.191
19 1.416
20 1.719
21 2.013
22 1.987
23 1.384
24 1.544
25 1.77
26 2.016
27 2.292
28 2.541
29 2.901
30 3.223
31 3.565
32 3.939
33 4.385
34 4.823
35 5.272
36 5.736
37 6.4
38 6.924
39 7.608
40 8.118
41 8.988
42 10.313
43 13.007
44 11.12
45 12.329
46 13.196
47 14.121
48 14.919
49 16.25
50 17.254
51 18.281
52 19.397
53 20.924
54 22.105
55 23.207
56 24.984
57 26.722
58 28.147
59 29.731
60 31.369
61 37.132
62 35.478
63 36.643
64 38.647
65 40.634
66 43.086
67 44.662
68 47.115
69 49.797
70 51.919
71 54.702
72 57.27
73 60.096
74 62.558
75 65.973
76 68.731
77 72.195
78 75.062
79 78.001
80 80.865
81 85.532
82 88.296
83 91.777
84 97.443
85 100.513
86 104.044
87 108.361
88 111.841
89 116.63
90 121.409
91 126.311
92 129.096
93 135.92
94 140.459
95 145.458
96 149.06
97 156.504
98 161.835
99 166.962
100 171.589
101 179.992
102 185.543
103 190.571
104 196.583
105 205.362
106 211.876
107 217.666
108 224.267
109 234.489
110 239.981
111 247.221
112 252.322
113 263.698
114 270.358
115 277.755
116 285.114
117 295.437
118 303.304
119 311.473
120 318.853
121 332.401
122 339.943
123 350.948
124 357.392
125 369.097
126 379.563
127 392.358
128 398.138
129 410.969
130 421.506
131 430.486
132 441.055
133 458.815
134 467.878
135 479.652
136 490.941
137 507.381
138 518.236
139 533.543
140 543.071
141 558.386
142 570.256
143 584.831
144 594.035
145 617.477
146 631.967
147 643.323
148 654.197
149 676.593
150 687.305
