0
1
2
5
14
42
132
428
1421
4807
16510
57421
201824
715768
2558167
9204651
33315919
121218195
443107245
1626546453
5993256280
22158739970
82182744284
305670888560
1139892935454
4261095044346
15964169665031
59933390160322
225437228952355
849493448846645
3206423933038154
12121661263811825
45892498130660643
173988854593127595
660490357780982764
2510411731751565803
9552731600612184530
36390448866448044914
138771294299221516130
529713835204689601242
2023910050593174627660
7739797751477071363916
29623626587838696884569
113474950400862197246442
435009809776886572971701
1668862396380435497425779
6406938457592063080771830
24613655310707772476030738
94620451177615333319079730
363970170601596013468919074
1400901720405686143420008598
5395112355529255084016956058
20789052556226794223889168816
80149579329275286609000112380
309165915979492088734157507994
1193157318998392159344484477260
4606933094108692372442600467467
17796186600552825908931114202779
68775851203211970969439852653936
265908640104968029082557303549281
1028513918898832909313762236187334
3979818331607334231213362726907562
15405863917136913917616810911976228
59658626537362361983497252705570332
231110526679288140062171108570646611
895613475505191357552021268692888115
3471932550707887898319891334552331218
13463788066804394786309739526753712407
52228112982999827643424498285131671898
202664845107972798141328950666256643718
786657405737804341921196203721102253808
3054374264181164893908739925805180636656
11862731413340634360750702559205060853881
46086056372115527999718259954599220106675
179090896737388828252429378593933464042676
696134941488665209930579385571608292014965
2706613722305008602042524372184203440135365
10526139800676179706449283731232235043821105
40946726883609908239430376113713163212220235
159321268213191085930412375232772065941522301
620055015635777588628862284941757712538330942
2413715613250314967266509031661136793619200298
9398076331246216938181086249767004981121182490
36600456766696580291242486292157499439566714094
142569448493659425310970737418182617565841111690
555464998033396914164973239812624515286262379662
2164587275289825228032343084758166786574881943512
8436837095733226084641770646452989017187785087168
32890345589318733216705040818903351386503791976259
128244733083698993850532397848021164635561432615111
500139489890849144341847326838943670107249983128690
1950839329821187348218156419699441033888461639469113
7610775330205891850808453089329802132534026560890947
29696939591894846640038869582098050065333159760255843
115895957393717642625549857956965228858187879962484630
452373474095224027795104679835255395574054994558974929
1766024517694091603379438236052558820666779326417448334
6895497852639566119509733029535928669060229139223194918
26927895936500384882640318457179760686232500078476079384
105173358251180537868625334103835778188726109985882278390
410841462379347073078921963046125347151203536923699726820
1605117056821378313104463518949015732729419402853738511620
6271938972026991984062961566256996262790381581293853880480
24510851400187639105455475396886945604767927904567491285860
95802149290764033507327701995207407339833987252687577421940
374499504025288683784154747584999189921508243194823406912780
1464148979742583804649169753890987789261068321649889660245350
5725009865137113065577672836430745773992060810053507347173080
22388402558113084017126686355360424403074186517502155977799285
87563850594914063428818795057441099683723892564227218435866185
342515695895657028902233606067888276295094272525980496694118920
1339951318368530462864934756979781765474508305723055667212393280
5242633970807797592785893593519942554418952681738802737453885775
20514508322882201033416508495464094351046608583303954912363642495
80282863430978533357226210417385684842786331928266997916062693254
314220049342297886983649349089394000649164894753840779595423900671
1229966778998485307785349525079323979959963580403834388546200720270
4815046614043239287801468939176242296891246652221578647652368343114
18851869796290837729501235890731240900621435295329567641414362069696
73816662379828366638902890837523502443525790859002156681637066142238
289067755796116702724127860654367116339829378921995484099487726157945
1132112079672324798149818009611750345535563790123697256099523010532219
4434278828168592478280993770155187515330306029058434116675869476818010
17369993765414043643642041460681194467132813297596352380295444551869445
68048526432814064320915861222910249631137739873085799110379429903038944
266611887771163956340245824141977459769596183422721284747802879188913976
1044675373711254435838537279102769545409135760737766801993182521670250151
4093771727318769953432248566038860167664567829794360939827391047411347227
16043742249352565508484589521975657093374882870638062757149691025189749955
62882080770551831755053761452047828569265759133781362777624846286458260259
246482849114556088307222402157766861369894394151391758888575165213727294982
966238845181987785780451326786437837978910287335812020395693438428529213967
3788084812595445133197184843219128334251034360958072409589192361615806951578
14852232770130431759981883191797104118424955103024783131263729099392179982126
58237148765464006858995341341010898626622182436527641118038907818212030418932
228372722555973318483120748738893100198371076213138675405907536591147529281500
895619618874248915716142761878903676125199168084588748886894933350762743299411
3512672804606030866861057689339727262832630780229455444009903335494919009812809
13777995154813170152155168673139148118446771586142743542519336289284217520123798
54046564797704447737986596581565198717011008540755656133946327805329610468708107
212023217656963441617636349812776957670686595129649429549999762699202389261864506
831824168353525223726717012536026641544765267033839782004643913797586811342844954
3263713104966076819870040228163500851283253665521345570836010807413847246669374905
12806318326875632631133217451641574024299011346672184133496936395150940824783214385
50253700348746525787248693158504365572708452460909478374799183255692357863286824743
197216297834205575132073892032899690152158636066017625361966702816880001702708105235
774012791110000818711561266112421746101471599975560960807902845185002099197897625345
3037971103296708416009352372483653624073937477609419636693920904331281073524780405869
11924739432571922392313342625054800621409653854460936901217276229035025828434294717340
46810525637469803683900400273010274972950385653266300938836280614569503170629462172750
