0
1
2
5
14
42
132
429
1429
4852
16730
58422
206192
734332
2635680
9524301
34622207
126520393
464517300
1712650520
6338433840
23538973950
87690410580
327611738790
1227178265182
4607940112396
17341126763366
65395548619912
247090483718224
935284754534816
3546176637156224
13466636050715821
51215098041462595
195046733924253639
743782835266900338
2839804149416190005
10855154506765048214
41539568698446091504
159126090882522703072
610170523438314791560
2341909794194058144264
8996600737092073218176
34590569372896104357370
133103923453733657747770
512580341178712293503744
1975404729500957631946860
7618322664285470958708160
29400771240265976388422550
113538181825439830845731394
438730177546109013798225798
1696346758380031598188530848
6562708804347988673423633348
25403491891102639242846079496
98386707554759188182231759138
381244518640947248589729441756
1478042315461978908497761577160
5732955147760800609505025731704
22246995937759736186758342041744
86369115840655958649367013943160
335454249807905649923052764426384
1303435764567618729812489800755072
5066657726659427457149404491180672
19702596867002253402744247693837824
76646086540326709663148849379992301
298274410915005232257473217222249099
1161172196940351755366744244952025427
4521965285511121316438612007857845998
17615839040366272373812331238824723955
68646864030262200050575396404931130610
267593315282283895485436434737723353266
1043429497362947631846384411632237566260
4069869821612951900801076288732782138685
15879027698271039182042697731482183084405
61971190867437218643958603613514139887148
241921814316438271284868468416595488120608
944661705586881531224739433896402983234960
3689696478416366717169265303610772606197120
14415015171793434473093994607295778392654880
56330925613312614570435038379377673881981184
220182749025682011738502037587250579362259592
860838551678844356167373840326718315440942552
3366352859647282887143430778537083227643348904
13167237222192371544114267708966655573988759776
51513902300014594903208288203913443087298660384
201579684548506705038677732365695914164010356544
788968069586948523494023455764059812558986912846
3088590678870015547750704117028923859618341844308
12093375263158087156743662897420797126613949088074
47360796231385488570130569350196590078605813889874
185512367537288257376565971779754295222300262220164
726787291955425927850596734108151195994051998319722
2847872899869352164572465486049497379966331191231008
11161202710219831577864434222388180984416657293591120
43749878651642570052382075517980874600171144761194368
171520713607662842624951383170814357922362394110761216
672556251475467651243279203454773796640185550050533270
2637615397781451032924116455660663444441387103541845098
10345790687675391402965122880778750713793606088726019858
40586710975773999170479490691567782488299306756308398604
159246763945602537180224701871934708173632590745931993710
624917421699409678950226173322837555851885830435406105860
2452667188675083452969286661756432192549001180245722732760
9627584371361977790725290076585787862032355888929699679920
37797019551437532418426355168980561882823498787062024748740
148408272249949259356153662395882638335855948928262140767300
582797727915919541436989392828815200137216139005641422242720
2288946623809079772280855750286236498689745407263608713147230
8991051269420166424235852875886559149880361495851432038971350
35321669667470174356265226583678620733261074974476300064162720
138780003571174709171751431429646647280009810919212158176255460
545338913293930865183098915131393073628816532958877274097918720
2143181929258311740583231404350235963910455051324994446240215480
8423713804141260552616392111247806594436314995860922757653427560
33113056078496803193255017516743832770199445571653096340923747576
130180258502545908128457853785928683770337313703541980266310881728
511847195671125598755041589034014031641581964270880894160377380720
2012723015761759518546521531807966372705606163914891254398810284000
7915445401357833153050670048420802311270908254802760513668717837480
31132468508188579611256345668397378901006673593459371489816239397552
122461007378038837086310629139380567501371225460572004285581569098000
481756300325231243999566299863704408548775518076289376710153669719696
1895402884070755625316982968231692224717093821884311695399274571754976
7457950594317218880481951176728239885312370016690613678046381859687632
29348140354845135333671961554576360506374898216092318889987339433016480
115500562687899260848279451894400967036373077766529355830035513924329984
454599928688744018362577466177617400145116938991944923602700049779442176
1789434130824313000161884807905804892698058319008655892854018868506187776
7044375777377854948612656267953265701907654822756646239717796546222260077
27733783990206938478951068634446170181766933196385936393117426707550276635
109198064840097688616515524643357649469698888491495250719493696810339217579
429990988641108625068448174871432281377972134239345952310863645231732599782
1693330681315765557641815113097648076902914009658254462774689501935883025087
6669014132064260744497068094647684950045509341575307010793056858084838623274
26267477799227671205127156204989059975565879538761213126534000149084879674934
103469282414298474560254250864258628735064829409014796369437910775296784068732
407605739817195898919843091610712719878075138594601681510505205660047948668875
1605847909627838435347926592681992017614595609145131438047078215162858628571907
6327079376844981491684669055075359393137481128928686173672272782573148070971772
24930810956986541282856792762688628490710654017428981200800051129492202367198642
98243378094171721035019581507207482442312288383834055675386495686263282628302350
387171558853467131947734995135279042503579529886011122029126084352393974742312816
1525936335003533518764386270093513388183073305739807973474843748812584259305548492
6014530457500267879992642738661496961348980132991476546534829053228453708076747168
23708219433653840977671164390913576817321376799635376462061225381426596540532681245
93460392789251823859585118994894117863934072634525675971820255394174311607336428815
368457403139416782332150636290094136787639801452215302719908780831942267264253238281
1452705462027572641726670708761847247053926146700704942002249420273175648437596932324
5727934385305262626164930785478665745080374304971604202938690467572021346456353609360
22586465523939719099459528572689052660226517128557625961596652634670033411226510088800
89069269972543268064236328108547942029811832541486723091540508014422994874032377344784
