0
1
2
5
14
42
132
429
1430
4861
16785
58708
207557
740520
2662812
9640581
35112513
128563215
472951884
1747233370
6479450415
24111470952
90006390290
336953657070
1264770431964
4758911027946
17946417454046
67818937355227
256781370248500
973998210362942
3700695714747744
14082914988202725
53671460687127999
204831841141817163
782743735185407922
2994867909465302605
11472080870859569366
43993252039252075197
168882355813952428066
648953749566334066904
2496048945793930648842
9609095523255738034896
37024019741334642562350
142770713172385863330423
550976667195215998527210
2127898356899994193537701
8223906869043454013465165
31805486661178217554241262
123086436874055104220112810
476640705569276750819787422
1846860102513665311925506788
7160257024339779996172704288
27775721651210200866266643636
107804066350907030189503747875
418629098297925554639502240408
1626447505705106040408626340600
6322071174665751706416387006300
24585561219672169447595409466976
95652293033067275738371102119674
372304774139344856135999063469870
1449718089356283175377916520013456
5647345012020127693931269123955256
22007730324237096926081272347637596
85796780552742805384408836289536150
334600363097739087637459027153874139
1305378991084391465752160670764691891
5094445958114374981086343584631677342
19888543207758616288084298282942190555
77669480091794697192972375080904168306
303413679450703403047850184999357301860
1185641376868226210446986492596365278768
4634482307838016057493343206304032568045
18120710311214910304378660707312038623059
70871541042462773999145552134377085999181
277260438491113742640641745990910465149690
1084976017105707466113779454876937104310290
4246836399554368914252178788012647523277890
16627278014165567310458138424749667670915455
65115474155148749608929701502152631607928715
255065647268308664756117980763252210542267143
999359725776902982605899733973367895840458952
3916438533734086561120437799427131048873620862
15351752751887278321670672772824290734702599302
60189324459646522943155468340037695876724197522
236033459505843781448414531680190998898356070246
925801982163360277513901526546728983239139053479
3632042973508589248003864906860065288269610560632
14251814661150634108494543334561785629371183867770
55933721467906578558567796746395518128628121843973
219563294701406676801706011022842496351673316670838
862038001755211145472955324821926768869423733441113
3385103622346188908620057372169240348920522044108174
13295194621498567569480701506511091336765361864967346
52226744238701537374847934506078970388716754862899308
205194222850752813973796231938044864090606319103676504
806324167864654644378532806250207311071227158425057355
3169020836383184228647977189337027795150118672465820270
12456898520903520357107004335094015768763811517514171902
48973682490778023312009486214051402658798721620172760524
192567162147882594387150011464606265639828446095720393714
757298341676429413077148435244448446656949862395327386560
2978624788375527279456532309860863582593229341031502133230
11717294901655504366250606726873072984751205498862734653300
46099952126851928916801154280005358096583017626005728342500
181398612921320515883543736684639490959167156844574920996405
713882403149392832192860976417082852875278237596395337374580
2809813572790515190108591797040692555350207020382109746737965
11060770128348203126489967735451490170832286949831076652488410
43546094057856908575212060750782505256260858014816593804366055
171462045852048489733977577521952724187604377018970733913324125
675212938920801847697674291930218369710827654998702215579081434
2659294903072617817253618859607952394142221933828671103640859184
10474765131830734117653954228431907796767702033985111373986845240
41264179679587517819474659185871519924137591342855697610871175272
162574479828220095067899177164004709000959782004945279968782251840
640591091487231015970450966653002952590388211493899636066799918340
2524398610392011505718493356998431734451976695439128539172203538374
9949073961836796944908588457906135313472849617607190672229905519354
39215185169202884036375826417564910653608176777860353788079156178978
154586647474717557902642459278083231765163831164105605350881333883360
609445703377542382356887436236896646390622847994396169993411843948920
2402938444122155836487820683264334081890870783260038633018102619197900
9475325288407079743920628999754383965428011563127309438561921330564140
37367045117857713158080739670436423005151145483140324849297791153919740
147375684873789429094467925863350618619854210479180253126380674727587744
581305846381307937673562144844768180242368478039417878870106726164169976
2293108788233956378984378710126838217791176069871753868553054167318601351
9046593883473166998316313905563296065940968616941212658368947074477253127
35693190327769431612948552765701388927517629052206139238042844452409311955
140839625824328533758617495086653905731549196776057268457437612662150884099
555780080426003814546719108029612310746018719147989558980016237285356595382
2193406488866965866864506469031822740593797370397990391811798738418454531047
8657105855590609928239307509654705760236749781089785975232422176762000967994
34171435832201641812990624400253503560260146383741639457046412443664589312170
134893205099332317175182288924737149231026638586797182652787772710670913429556
532540607596351376262669143393753087324766142086762635232291513828351232524435
2102570997428744870207828437923518848551761471639793198246574876432185978667068
8302012448910130208058423740542984636765181523030598950351384376706648621041107
32783125716157175283468162795359846607670214051009517615955741179515576830178665
129464624005658964155898011400675336425815440122961070001722947936457178671460872
511311033933532605773451484912400497266572791649730082468131898620400197798237141
2019538046202586214785632579664927629114433617001291306493564394608150061625700838
7977214625689709685568863866183552312752961835039795882612821351573757524437334502
31512468601982186123350525509931808748660361109988001681039510071994247127890107983
124493032117685617860241715616559840277932466782562801162239595863976674595714345385
491856822539909634230737006531374375380604401486059458698548498335040856106330679995
1943403442108365337233352973828955713961261761349787738769671598684730906801356957772
7679225705430081461663302764315376115922851196764929080093770332000236867650164947615
30346016336316458720431280733974026813353742553232228561286237329918592107804328165146
119926548085660430931830803185628744434752113761934633780826190526261655592894509543097
