0
1
2
5
14
42
132
429
1430
4862
16795
58774
207921
742340
2671380
9679341
35283057
129298686
476076425
1760356290
6534075415
24337242771
90934212636
340748853950
1280234838924
4821722837721
18200855131046
68847269742844
260929422296290
990702732423668
3767870004756119
14352710573989357
54753890152481119
209170513769578305
800120035872528864
3064409446320032650
11750215492325144023
45105039674776467041
173324294854604077265
666692852532047371690
2566863136437672389862
9891685775459715566479
38151369600154412203112
147266848719963187779795
568903849651972996496370
2199362471315584407042700
8508731434318457584773027
32940469605558549577296782
127608449255099385483923550
494654777321464733400054972
1918612468320048524077430538
7446023032030748966257103313
28913716102199375142358387695
112335437855858399263680520110
436671045093707283185878823130
1698277391693700829839022402740
6608026698426558219615328481874
25723886796190386096381699399858
100183480737723756744367416367060
390340672144457866729197788651588
1521505123839096012643199409966360
5933063889159834159742257249695551
23144882268987515630531359081783446
90322488178686213132998672385141165
352611642108198297251894447665682235
1377058359445542577314641153507853183
5379703216263625086499874641280299866
21023745869674105619150204301698663373
82187055396030960224978008526219415060
321391363563896915129582786966208727160
1257183098706493170594114054449569478170
4919179512989127872956502934531547496802
19253647913101046173654646672227573660632
75380003766479873659398918935971070776575
295201632861244138845614984342310296116230
1156372235585637318097610901944234957484465
4530955625109481063534671871501319310913890
17757927797990578250996704720223567749398777
69614910660207130984695277226872819157598585
272971339891800738562966653918121614010141194
1070616718819510434240476825102572966995672192
4200013304361445856385489084083038284156665494
16480279218369319355122913879393115704708618218
64680502494103661960919099501651815562057607535
253907117038223855751622081811452816593189417719
996935040782027150091886066283461539159229908080
3915139572469547814684679479380979874890475553928
15378501305853107810022842463207625751016333347019
60417840732550184217823839214960125374981743400910
237409950540655339650939009995235776045245043717090
933068094464041289879356204377784673127816608002893
3667808884836091307815917027023097004023712504274776
14420399244477493700275699702469139988216021633850373
56705272701111479875447485347578927532603783611838315
223019877382202422295245140692450615270413409412575710
877275742360177734646491128402919917805143792378405230
3451434089309694981482878629294220100653728196815384334
13581023664996805318037408963098600295274089988616444894
53448247936594933006830035021850521801898272183458951700
210378384804172857437119465862869502822222902085557231540
828197864360725857430796484291871577474159045493816038750
3260852489419663532632953060051517537471738991412969429050
12840768171760697844267853936164000401282190115858959463430
50572269902836072755512595008624349184990590351413113161025
199202276880522122238398257648230239765622496488421935124710
784757385023465865464296417564373808201051078674750750182455
3091965733886970322725307234363952212295816111694422986815795
12184031060827637531438128915204581977188701145530477744663890
48017918870597927970146328492929288009057391543156732647293175
189265151123256004602255571973381703674552588681089969317395882
746091286387349720422004685911543025268690002792306806431806535
2941482708768387580816405620619619400867786725961415767264590164
11598256460008722891242711320408988085935953544978233784286316196
45737273574400108459134284428703176198757882956400716426237805090
180384035912386290211743043928238933140191224117182848916641645890
711500676588291206225251790742988573887183676915131930141816213298
2806732844732842712354891118669557666723548382312961719152425192766
11073235861561735618846319621869239803174631436951460491795862006468
43691296496292980414679279434432612101318959788088136950201731687150
172409596546390927339128311797841514020894927111836562097358603443700
680414083512940246633673980238957430082965866340252461124344988510680
2685528469108783899861662663787240545791901522343492320979561315241176
10600591659323402305114810550364966127148484571541444696395223727453716
41847895013388013286238302069401572878112185662512086474891849863375375
165218852709703713194791535556431778059357496446729736920421368238944724
652360086492863128949942365506673618524181648026443473455292311196882726
2576061900729059722952169437404944185421244982271426193957821386710743476
10173390028258288637921120692007572457969196306209288236391938512036239917
40180464359448479626464657881651465427594763916326409548422806236433595955
158709691813012988959699821372943878094543084433339578343795039637219767419
626946645683567798784073649594156693536977831885396270101948259300216527982
2476827538007324106098723552706080236857222922290062799094212550494050181387
9785847121776734293492451262133605245950306792869959863182100906292207578814
38666779201655218378009428366390676143111814095730926999309537594239354330130
152796685392670030204707564920644806797648282098822465844876362712092667477352
603845304638905334034727098252831511623877057387832023317861830002672963623045
2386562181415361418771652774915584706588813397064181377841641751420041488940654
9433103533304596600436893592462902875659370208396297970775113993792124688692756
37288140908474167239025630832478324065418270890356552213156113781667284882406115
147407863706898750389997409579595767421387347723234092429877549992566973636521780
582778985470932533725145655327168643034716766406893475569702362671175785570505777
2304198832219169605231926355056227999403033724209975426802957167095768859735867594
9111049333104712026969341981691210875763626940390672411474781371548713706594997542
36028714710963100938461906268223870260890032084245713651256512026881702684549431970
142482203647829039713113427446257432044530468091861962086852686351872678211979552400
563512464724610659367743364938102350525749235124963250046178868872928770318951014360
2228830570116142309660990560885468827833806786620979064515074025940605037729453921344
8816187016214491827161121001921179323120336216852866822855197729206706943407471004479
34875009525932098625379554830322149863227360082306988069725711552014013630859667319675
137967653727632484543675506715903693082263785650915654455676048699542830394952418693438
