1 0
2 1
3 5
4 11
5 28
6 64
7 116
8 195
9 309
10 467
11 679
12 956
13 1310
14 1754
15 2302
16 2969
17 3771
18 4725
19 5849
20 7162
21 8684
22 10436
23 12440
24 14719
25 17297
26 20199
27 23451
28 27080
29 31114
30 35582
31 40514
32 45941
33 51895
34 58409
35 65517
36 73254
37 81656
38 90760
39 100604
40 111227
41 122669
42 134971
43 148175
44 162324
45 177462
46 193634
47 210886
48 229265
49 248819
50 269597
51 291649
52 315026
53 339780
54 365964
55 393632
56 422839
57 453641
58 486095
59 520259
60 556192
61 593954
62 633606
63 675210
64 718829
65 764527
66 812369
67 862421
68 914750
69 969424
70 1026512
71 1086084
72 1148211
73 1212965
74 1280419
75 1350647
76 1423724
77 1499726
78 1578730
79 1660814
80 1746057
81 1834539
82 1926341
83 2021545
84 2120234
85 2222492
86 2328404
87 2438056
88 2551535
89 2668929
90 2790327
91 2915819
92 3045496
93 3179450
94 3317774
95 3460562
96 3607909
97 3759911
98 3916665
99 4078269
100 4244822
101 4416424
102 4593176
103 4775180
104 4962539
105 5155357
106 5353739
107 5557791
108 5767620
109 5983334
110 6205042
111 6432854
112 6666881
113 6907235
114 7154029
115 7407377
116 7667394
117 7934196
118 8207900
119 8488624
120 8776487
121 9071609
122 9374111
123 9684115
124 10001744
125 10327122
126 10660374
127 11001626
128 11351005
129 11708639
130 12074657
131 12449189
132 12832366
133 13224320
134 13625184
135 14035092
136 14454179
137 14882581
138 15320435
139 15767879
140 16225052
141 16692094
142 17169146
143 17656350
144 18153849
145 18661787
146 19180309
147 19709561
148 20249690
149 20800844
150 21363172
