0
1
0.5
0.2
0.0714286
0.0238095
0.00757576
0.002331
0.000699301
0.000205677
5.9538e-05
1.70109e-05
4.80741e-06
1.34608e-06
3.7391e-07
1.03148e-07
2.82824e-08
7.71338e-09
2.09363e-09
5.65847e-10
1.52343e-10
4.08726e-11
1.0931e-11
2.91495e-12
7.75251e-13
2.05679e-13
5.44444e-14
1.43815e-14
3.7915e-15
9.97763e-16
2.62124e-16
6.87539e-17
1.8007e-17
4.70951e-18
1.2301e-18
3.20895e-19
8.36134e-20
2.17624e-20
5.65823e-21
1.46967e-21
3.8137e-22
9.88736e-23
2.56118e-23
6.62895e-24
1.71438e-24
4.43043e-25
1.14412e-25
2.95257e-26
7.61453e-27
1.96251e-27
5.05494e-28
1.30127e-28
3.34793e-29
8.60897e-30
2.21259e-30
5.68371e-31
1.45933e-31
3.74518e-32
9.60721e-33
2.46339e-33
6.31373e-34
1.61757e-34
4.14255e-35
1.06049e-35
2.71386e-36
6.94243e-37
1.77535e-37
4.5385e-38
1.15984e-38
2.96309e-39
7.5676e-40
1.93215e-40
4.93172e-41
1.25844e-41
3.21031e-42
8.18736e-43
2.0875e-43
5.32109e-44
1.35602e-44
3.45483e-45
8.80003e-46
2.241e-46
5.70562e-47
1.45234e-47
3.69607e-48
9.40421e-49
2.3923e-49
6.08446e-50
1.54719e-50
3.93354e-51
9.99865e-52
2.54109e-52
6.45688e-53
1.6404e-53
4.16678e-54
1.05823e-54
2.68713e-55
6.82225e-56
1.7318e-56
4.39543e-57
1.11542e-57
2.83018e-58
7.18002e-59
1.82127e-59
4.61917e-60
1.17137e-60
2.97006e-61
7.52972e-62
1.9087e-62
4.83771e-63
1.226e-63
3.10659e-64
7.87097e-65
1.99398e-65
5.05083e-66
1.27925e-66
3.23966e-67
8.20342e-68
2.07704e-68
5.25832e-69
1.33108e-69
3.36913e-70
8.5268e-71
2.1578e-71
5.46003e-72
1.38145e-72
3.49491e-73
8.84088e-74
2.23622e-74
5.65581e-75
1.43033e-75
3.61693e-76
9.14547e-77
2.31225e-77
5.84558e-78
1.47769e-78
3.73513e-79
9.44043e-80
2.38585e-80
6.02923e-81
1.52352e-81
3.84945e-82
9.72565e-83
2.45701e-83
6.20672e-84
1.56779e-84
3.95988e-85
1.00011e-85
2.52569e-86
6.37801e-87
