0.074
0.024
0.023
0.05
0.057
0.085
0.117
0.162
0.222
0.299
0.379
0.479
0.614
0.781
0.936
1.136
1.381
1.636
1.962
2.27
2.158
2.182
1.886
2.198
2.548
2.908
3.275
3.706
4.165
4.728
5.238
5.883
6.63
7.285
8.028
8.84
9.862
10.864
11.714
12.798
14.284
15.179
16.602
18.902
20.627
21.451
23.113
24.732
27.681
28.796
30.617
33.296
36.272
37.797
40.861
42.904
46.362
49.051
52.206
55.582
59.451
64.318
67.673
70.761
76.211
79.281
83.836
89.303
95.139
100.2
107.651
112.113
116.571
122.601
133.589
152.154
151.861
157.627
159.2
168.011
174.514
181.318
189.118
197.755
216.377
216.886
227.031
238.701
247.79
263.048
272.349
282.225
298.089
305.647
317.733
328.229
346.245
354.477
371.608
390.317
407.246
418.997
434.811
458.194
468.595
489.378
501.054
515.403
538.726
555.551
580.694
595.388
612.245
638.913
662.631
682.898
704.497
734.804
753.377
767.797
802.142
823.809
852.783
877.703
910.731
932.062
966.045
1020.9
1048.85
1053.75
1107.59
1119.59
1155.95
1194.41
1247.54
1219.87
1274.11
1321.66
1371.19
1403.98
1439.89
1475.44
1519.21
1621.52
1609.77
1638.95
1691.91
1718.03
1776.2
1821.02
